contador,fecha,hora,humedad,temperatura,acelX,acelY,acelZ,gyroX,gyroY,gyroZ,pitch,roll,maltrato
1,1/1/2000,0:0:0,64.00,29.70,657,167,3780,13,3,-9,0.25,-0.99,0
2,1/1/2000,0:0:0,64.00,29.70,628,135,3771,-18,13,0,0.47,-1.87,0
3,1/1/2000,0:0:0,64.00,29.70,635,133,3745,29,-10,-11,0.68,-2.67,0
4,1/1/2000,0:0:0,64.00,29.70,635,134,3759,-14,11,1,0.86,-3.39,0
5,1/1/2000,0:0:0,64.00,29.70,625,120,3765,-15,1,-1,1.02,-4.03,0
6,1/1/2000,0:0:0,64.00,29.70,628,151,3754,13,-8,-10,1.17,-4.62,0
7,1/1/2000,0:0:0,64.00,29.70,633,128,3782,-8,5,-1,1.30,-5.14,0
8,1/1/2000,0:0:0,64.00,29.70,638,131,3772,-1,19,5,1.42,-5.61,0
9,1/1/2000,0:0:0,64.00,29.70,633,144,3786,3,-5,0,1.53,-6.03,0
10,1/1/2000,0:0:0,64.00,29.70,640,135,3763,-3,0,6,1.62,-6.42,0
11,1/1/2000,0:0:0,64.00,29.70,639,133,3763,12,-6,-8,1.71,-6.76,0
12,1/1/2000,0:0:0,64.00,29.70,641,133,3758,21,3,-8,1.79,-7.07,0
13,1/1/2000,0:0:0,64.00,29.70,640,133,3771,2,3,14,1.86,-7.35,0
14,1/1/2000,0:0:0,64.00,29.70,629,123,3757,16,-16,2,1.92,-7.60,0
15,1/1/2000,0:0:0,64.00,29.70,642,146,3774,3,9,2,1.98,-7.82,0
16,1/1/2000,0:0:0,64.00,29.70,611,149,3769,-12,5,-7,2.03,-8.02,0
17,1/1/2000,0:0:0,64.00,29.70,640,122,3744,9,-22,-4,2.08,-8.21,0
18,1/1/2000,0:0:0,64.00,29.70,629,144,3793,2,-14,-7,2.12,-8.37,0
19,1/1/2000,0:0:0,64.00,29.70,611,154,3764,3,-8,5,2.16,-8.52,0
20,1/1/2000,0:0:0,64.00,29.70,660,144,3761,-13,18,-16,2.19,-8.65,0
21,1/1/2000,0:0:0,64.00,29.70,645,155,3784,16,-1,-6,2.22,-8.77,0
22,1/1/2000,0:0:0,64.00,29.70,664,151,3798,9,7,13,2.25,-8.88,0
23,1/1/2000,0:0:0,64.00,29.70,641,149,3801,12,-4,5,2.27,-8.98,0
24,1/1/2000,0:0:0,64.00,29.70,632,144,3760,-13,-7,17,2.29,-9.06,0
25,1/1/2000,0:0:0,64.00,29.70,623,140,3762,13,-17,13,2.31,-9.14,0
26,1/1/2000,0:0:0,64.00,29.70,630,136,3758,-11,-2,0,2.33,-9.21,0
27,1/1/2000,0:0:0,64.00,29.70,639,135,3767,-19,-12,6,2.35,-9.28,0
28,1/1/2000,0:0:0,64.00,29.70,630,143,3778,4,-8,-7,2.36,-9.33,0
29,1/1/2000,0:0:0,64.00,29.70,635,164,3762,-4,-2,-13,2.37,-9.39,0
30,1/1/2000,0:0:0,56.00,29.60,636,132,3738,4,19,1,2.39,-9.43,0
31,1/1/2000,0:0:0,56.00,29.60,626,137,3742,7,-10,9,2.40,-9.47,0
32,1/1/2000,0:0:0,56.00,29.60,627,138,3750,0,6,3,2.41,-9.51,0
33,1/1/2000,0:0:0,56.00,29.60,647,139,3774,6,7,6,2.41,-9.55,0
34,1/1/2000,0:0:0,56.00,29.60,623,134,3783,-14,-9,-11,2.42,-9.58,0
35,1/1/2000,0:0:0,56.00,29.60,641,146,3755,-8,17,0,2.43,-9.60,0
36,1/1/2000,0:0:0,56.00,29.60,640,135,3768,10,4,-3,2.43,-9.63,0
37,1/1/2000,0:0:0,56.00,29.60,642,144,3739,-1,7,9,2.44,-9.65,0
38,1/1/2000,0:0:0,56.00,29.60,628,131,3778,2,-8,1,2.44,-9.67,0
39,1/1/2000,0:0:0,56.00,29.60,633,153,3777,-2,1,-6,2.45,-9.69,0
40,1/1/2000,0:0:0,56.00,29.60,635,136,3791,2,-6,-1,2.45,-9.70,0
41,1/1/2000,0:0:0,56.00,29.60,629,133,3764,10,-9,-6,2.46,-9.72,0
42,1/1/2000,0:0:0,56.00,29.60,634,144,3776,-7,5,17,2.46,-9.73,0
43,1/1/2000,0:0:0,56.00,29.60,635,157,3779,-7,8,3,2.46,-9.74,0
44,1/1/2000,0:0:0,56.00,29.60,636,141,3764,10,11,-7,2.47,-9.75,0
45,1/1/2000,0:0:0,56.00,29.60,650,147,3767,7,6,-11,2.47,-9.76,0
46,1/1/2000,0:0:0,56.00,29.60,644,135,3791,6,19,2,2.47,-9.77,0
47,1/1/2000,0:0:0,56.00,29.60,644,126,3767,-5,11,5,2.47,-9.78,0
48,1/1/2000,0:0:0,56.00,29.60,638,144,3760,-2,2,7,2.47,-9.78,0
49,1/1/2000,0:0:0,56.00,29.60,637,139,3760,2,3,-2,2.47,-9.79,0
50,1/1/2000,0:0:0,56.00,29.60,632,140,3763,-12,-13,2,2.48,-9.80,0
51,1/1/2000,0:0:0,56.00,29.60,632,135,3774,11,4,-7,2.48,-9.80,0
52,1/1/2000,0:0:0,56.00,29.60,629,132,3791,-11,8,18,2.48,-9.81,0
53,1/1/2000,0:0:0,56.00,29.60,644,137,3786,6,5,-5,2.48,-9.81,0
54,1/1/2000,0:0:0,56.00,29.60,631,146,3768,-4,2,-5,2.48,-9.81,0
55,1/1/2000,0:0:0,56.00,29.60,654,159,3758,-4,6,13,2.48,-9.82,0
56,1/1/2000,0:0:0,56.00,29.60,642,134,3773,-8,5,-9,2.48,-9.82,0
57,1/1/2000,0:0:0,56.00,29.60,629,141,3772,6,-1,-7,2.48,-9.82,0
58,1/1/2000,0:0:0,56.00,29.60,656,164,3751,6,-7,3,2.48,-9.82,0
59,1/1/2000,0:0:0,56.00,29.60,639,137,3799,4,16,0,2.48,-9.82,0
60,1/1/2000,0:0:0,56.00,29.60,642,137,3753,13,-23,4,2.48,-9.83,0
61,1/1/2000,0:0:0,56.00,29.60,628,153,3751,7,-7,-2,2.48,-9.83,0
62,1/1/2000,0:0:0,56.00,29.60,627,137,3770,-5,9,8,2.48,-9.83,0
63,1/1/2000,0:0:0,56.00,29.60,641,148,3763,12,1,2,2.48,-9.83,0
64,1/1/2000,0:0:0,56.00,29.60,634,163,3772,8,-14,9,2.48,-9.83,0
65,1/1/2000,0:0:0,56.00,29.60,631,130,3756,-4,17,3,2.48,-9.83,0
66,1/1/2000,0:0:0,56.00,29.60,633,147,3734,-1,-9,-11,2.49,-9.83,0
67,1/1/2000,0:0:0,56.00,29.60,640,154,3789,18,-17,-2,2.49,-9.83,0
68,1/1/2000,0:0:0,56.00,29.60,603,146,3774,-2,13,4,2.49,-9.84,0
69,1/1/2000,0:0:0,56.00,29.60,643,145,3761,-14,6,15,2.49,-9.84,0
70,1/1/2000,0:0:0,56.00,29.60,650,139,3775,22,1,3,2.49,-9.84,0
71,1/1/2000,0:0:0,56.00,29.60,635,137,3763,-8,-8,1,2.49,-9.84,0
72,1/1/2000,0:0:0,56.00,29.60,647,150,3767,14,1,11,2.49,-9.84,0
73,1/1/2000,0:0:0,56.00,29.60,642,138,3752,0,-9,6,2.49,-9.84,0
74,1/1/2000,0:0:0,56.00,29.60,642,153,3806,3,-6,-6,2.49,-9.84,0
75,1/1/2000,0:0:0,56.00,29.60,630,139,3766,-8,-22,5,2.49,-9.84,0
76,1/1/2000,0:0:0,56.00,29.60,643,145,3749,4,-4,5,2.49,-9.84,0
77,1/1/2000,0:0:0,56.00,29.60,637,143,3747,7,-1,10,2.49,-9.84,0
78,1/1/2000,0:0:0,56.00,29.60,616,127,3782,-4,12,1,2.49,-9.84,0
79,1/1/2000,0:0:0,56.00,29.60,646,145,3770,2,-11,5,2.49,-9.84,0
80,1/1/2000,0:0:0,56.00,29.60,648,130,3769,-7,4,-3,2.49,-9.84,0
81,1/1/2000,0:0:0,56.00,29.60,633,143,3758,11,12,-2,2.49,-9.84,0
82,1/1/2000,0:0:0,56.00,29.60,650,131,3761,2,0,3,2.49,-9.84,0
83,1/1/2000,0:0:0,56.00,29.60,628,140,3769,-20,11,4,2.49,-9.84,0
84,1/1/2000,0:0:0,56.00,29.60,619,132,3761,3,-2,7,2.49,-9.84,0
85,1/1/2000,0:0:0,56.00,29.60,639,138,3772,3,-20,-4,2.49,-9.84,0
86,1/1/2000,0:0:0,56.00,29.60,631,151,3810,14,8,5,2.49,-9.84,0
87,1/1/2000,0:0:0,56.00,29.60,639,157,3772,-7,-6,-10,2.49,-9.84,0
88,1/1/2000,0:0:0,56.00,29.60,664,137,3781,6,2,5,2.49,-9.84,0
89,1/1/2000,0:0:0,56.00,29.60,648,142,3772,3,-22,7,2.49,-9.84,0
90,1/1/2000,0:0:0,55.00,29.70,637,138,3762,12,-22,18,2.49,-9.84,0
91,1/1/2000,0:0:0,55.00,29.70,631,149,3759,6,-2,8,2.49,-9.84,0
92,1/1/2000,0:0:0,55.00,29.70,623,132,3767,3,-9,-8,2.49,-9.84,0
93,1/1/2000,0:0:0,55.00,29.70,628,157,3752,-13,-5,-20,2.49,-9.84,0
94,1/1/2000,0:0:0,55.00,29.70,626,144,3778,-8,-8,-6,2.49,-9.84,0
95,1/1/2000,0:0:0,55.00,29.70,637,139,3762,14,-5,-12,2.49,-9.84,0
96,1/1/2000,0:0:0,55.00,29.70,630,156,3750,14,23,-10,2.49,-9.84,0
97,1/1/2000,0:0:0,55.00,29.70,630,148,3750,-20,9,-8,2.49,-9.84,0
98,1/1/2000,0:0:0,55.00,29.70,638,125,3759,-7,-10,-13,2.49,-9.84,0
99,1/1/2000,0:0:0,55.00,29.70,644,148,3774,-1,-3,-11,2.49,-9.84,0
100,1/1/2000,0:0:0,55.00,29.70,639,129,3774,-5,5,-10,2.49,-9.84,0
101,1/1/2000,0:0:0,55.00,29.70,632,146,3762,-7,5,0,2.49,-9.84,0
102,1/1/2000,0:0:0,55.00,29.70,618,149,3794,-1,-6,6,2.49,-9.84,0
103,1/1/2000,0:0:0,55.00,29.70,641,142,3783,18,3,-9,2.49,-9.84,0
104,1/1/2000,0:0:0,55.00,29.70,619,144,3790,-3,1,4,2.49,-9.84,0
105,1/1/2000,0:0:0,55.00,29.70,620,134,3788,1,-3,-8,2.49,-9.84,0
106,1/1/2000,0:0:0,55.00,29.70,646,149,3792,-13,0,22,2.49,-9.84,0
107,1/1/2000,0:0:0,55.00,29.70,626,133,3765,4,-4,-9,2.48,-9.84,0
108,1/1/2000,0:0:0,55.00,29.70,654,149,3784,-4,14,-8,2.48,-9.84,0
109,1/1/2000,0:0:0,55.00,29.70,646,143,3747,9,-4,-3,2.48,-9.84,0
110,1/1/2000,0:0:0,55.00,29.70,626,132,3729,-13,14,4,2.48,-9.84,0
111,1/1/2000,0:0:0,55.00,29.70,649,124,3738,13,14,-18,2.48,-9.84,0
112,1/1/2000,0:0:0,55.00,29.70,628,136,3790,-4,10,8,2.48,-9.84,0
113,1/1/2000,0:0:0,55.00,29.70,628,131,3759,1,4,1,2.48,-9.84,0
114,1/1/2000,0:0:0,55.00,29.70,633,154,3754,-7,10,-1,2.48,-9.84,0
115,1/1/2000,0:0:0,55.00,29.70,609,144,3763,-3,10,3,2.48,-9.84,0
116,1/1/2000,0:0:0,55.00,29.70,638,139,3773,6,-1,18,2.48,-9.84,0
117,1/1/2000,0:0:0,55.00,29.70,640,159,3779,-3,12,13,2.48,-9.84,0
118,1/1/2000,0:0:0,55.00,29.70,621,147,3778,8,15,-23,2.48,-9.84,0
119,1/1/2000,0:0:0,55.00,29.60,639,130,3749,-2,-9,8,2.48,-9.84,0
120,1/1/2000,0:0:0,55.00,29.60,642,150,3779,-20,-11,-7,2.48,-9.84,0
121,1/1/2000,0:0:0,55.00,29.60,619,154,3750,6,2,6,2.48,-9.84,0
122,1/1/2000,0:0:0,55.00,29.60,653,136,3741,5,12,-19,2.48,-9.84,0
123,1/1/2000,0:0:0,55.00,29.60,639,141,3769,-3,-6,-12,2.48,-9.84,0
124,1/1/2000,0:0:0,55.00,29.60,648,141,3788,-9,10,0,2.48,-9.84,0
125,1/1/2000,0:0:0,55.00,29.60,634,127,3769,16,-25,18,2.48,-9.84,0
126,1/1/2000,0:0:0,55.00,29.60,640,133,3782,2,1,9,2.48,-9.84,0
127,1/1/2000,0:0:0,55.00,29.60,632,141,3762,-6,20,16,2.48,-9.84,0
128,1/1/2000,0:0:0,55.00,29.60,636,142,3793,1,0,4,2.48,-9.84,0
129,1/1/2000,0:0:0,55.00,29.60,624,131,3750,6,1,-13,2.48,-9.84,0
130,1/1/2000,0:0:0,55.00,29.60,634,146,3764,12,3,13,2.48,-9.84,0
131,1/1/2000,0:0:0,55.00,29.60,641,143,3779,-2,8,-14,2.48,-9.84,0
132,1/1/2000,0:0:0,55.00,29.60,636,136,3780,-12,2,2,2.48,-9.84,0
133,1/1/2000,0:0:0,55.00,29.60,654,138,3799,-4,8,17,2.48,-9.84,0
134,1/1/2000,0:0:0,55.00,29.60,618,136,3787,-10,3,-2,2.48,-9.84,0
135,1/1/2000,0:0:0,55.00,29.60,629,129,3775,8,-1,7,2.48,-9.84,0
136,1/1/2000,0:0:0,55.00,29.60,640,153,3791,7,10,-10,2.48,-9.84,0
137,1/1/2000,0:0:0,55.00,29.60,623,153,3768,-1,8,11,2.48,-9.83,0
138,1/1/2000,0:0:0,55.00,29.60,627,144,3792,-9,5,0,2.48,-9.83,0
139,1/1/2000,0:0:0,55.00,29.60,643,138,3778,8,13,1,2.48,-9.83,0
140,1/1/2000,0:0:0,55.00,29.60,628,143,3786,-7,-6,-13,2.48,-9.83,0
141,1/1/2000,0:0:0,55.00,29.60,617,128,3773,-8,1,-13,2.48,-9.83,0
142,1/1/2000,0:0:0,55.00,29.60,643,131,3785,6,-5,-5,2.48,-9.83,0
143,1/1/2000,0:0:0,55.00,29.60,641,148,3804,-4,-7,-31,2.48,-9.83,0
144,1/1/2000,0:0:0,55.00,29.60,621,162,3792,1,-3,6,2.48,-9.83,0
145,1/1/2000,0:0:0,55.00,29.60,647,130,3747,8,18,-19,2.48,-9.83,0
146,1/1/2000,0:0:0,55.00,29.60,667,145,3756,24,2,-2,2.48,-9.83,0
147,1/1/2000,0:0:0,55.00,29.60,628,130,3740,-13,4,4,2.48,-9.83,0
148,1/1/2000,0:0:0,54.00,29.70,634,136,3769,4,12,-4,2.48,-9.83,0
149,1/1/2000,0:0:0,54.00,29.70,628,141,3769,-14,-16,-4,2.48,-9.83,0
150,1/1/2000,0:0:0,54.00,29.70,632,135,3794,-3,9,-2,2.48,-9.83,0
151,1/1/2000,0:0:0,54.00,29.70,640,157,3787,-9,17,6,2.48,-9.83,0
152,1/1/2000,0:0:0,54.00,29.70,650,144,3786,6,-8,13,2.48,-9.83,0
153,1/1/2000,0:0:0,54.00,29.70,659,119,3783,-8,-15,2,2.48,-9.83,0
154,1/1/2000,0:0:0,54.00,29.70,632,123,3795,-5,18,-2,2.48,-9.83,0
155,1/1/2000,0:0:0,54.00,29.70,633,143,3783,7,2,-5,2.48,-9.83,0
156,1/1/2000,0:0:0,54.00,29.70,626,85,3723,-7,6,6,2.48,-9.83,0
157,1/1/2000,0:0:0,54.00,29.70,619,133,3767,-1,-2,-11,2.48,-9.83,0
158,1/1/2000,0:0:0,54.00,29.70,633,135,3778,2,8,-3,2.48,-9.83,0
159,1/1/2000,0:0:0,54.00,29.70,640,149,3737,13,1,10,2.48,-9.83,0
160,1/1/2000,0:0:0,54.00,29.70,645,160,3758,12,-12,-11,2.48,-9.83,0
161,1/1/2000,0:0:0,54.00,29.70,637,153,3774,-15,5,0,2.48,-9.83,0
162,1/1/2000,0:0:0,54.00,29.70,644,147,3770,5,-11,-11,2.48,-9.83,0
163,1/1/2000,0:0:0,54.00,29.70,624,157,3769,12,-2,4,2.48,-9.83,0
164,1/1/2000,0:0:0,54.00,29.70,631,133,3783,-2,-6,15,2.48,-9.83,0
165,1/1/2000,0:0:0,54.00,29.70,610,139,3779,3,-9,4,2.48,-9.83,0
166,1/1/2000,0:0:0,54.00,29.70,653,137,3807,-2,-6,-8,2.48,-9.83,0
167,1/1/2000,0:0:0,54.00,29.70,630,138,3740,-11,16,3,2.48,-9.83,0
168,1/1/2000,0:0:0,54.00,29.70,637,137,3767,6,23,-11,2.48,-9.83,0
169,1/1/2000,0:0:0,54.00,29.70,629,131,3777,11,-6,12,2.48,-9.83,0
170,1/1/2000,0:0:0,54.00,29.70,623,146,3777,-16,-8,-7,2.48,-9.83,0
171,1/1/2000,0:0:0,54.00,29.70,629,148,3805,-3,-8,-6,2.48,-9.83,0
172,1/1/2000,0:0:0,54.00,29.70,634,128,3792,-9,12,11,2.47,-9.83,0
173,1/1/2000,0:0:0,54.00,29.70,636,121,3727,0,2,8,2.47,-9.83,0
174,1/1/2000,0:0:0,54.00,29.70,641,149,3789,-3,-1,6,2.47,-9.83,0
175,1/1/2000,0:0:0,54.00,29.70,640,137,3796,-15,-3,4,2.47,-9.83,0
176,1/1/2000,0:0:0,54.00,29.70,636,145,3773,11,13,-1,2.47,-9.83,0
177,1/1/2000,0:0:0,54.00,29.70,624,142,3786,-6,8,-9,2.47,-9.83,0
178,1/1/2000,0:0:0,54.00,29.70,637,135,3768,1,-30,22,2.47,-9.83,0
179,1/1/2000,0:0:0,54.00,29.70,629,128,3786,6,-12,6,2.47,-9.83,0
180,1/1/2000,0:0:0,54.00,29.70,629,146,3770,0,12,6,2.47,-9.83,0
181,1/1/2000,0:0:0,54.00,29.70,647,151,3783,-3,-4,8,2.47,-9.83,0
182,1/1/2000,0:0:0,54.00,29.70,656,147,3785,3,8,-2,2.47,-9.83,0
183,1/1/2000,0:0:0,54.00,29.70,627,144,3766,5,5,-2,2.47,-9.83,0
184,1/1/2000,0:0:0,54.00,29.70,637,134,3754,-2,-1,5,2.47,-9.82,0
185,1/1/2000,0:0:0,54.00,29.70,624,151,3767,7,-12,-3,2.47,-9.82,0
186,1/1/2000,0:0:0,54.00,29.70,646,129,3739,-7,-2,0,2.47,-9.82,0
187,1/1/2000,0:0:0,54.00,29.70,629,135,3773,-3,-5,-8,2.47,-9.82,0
188,1/1/2000,0:0:0,54.00,29.70,635,149,3765,4,-7,2,2.47,-9.82,0
189,1/1/2000,0:0:0,54.00,29.70,628,141,3780,-12,0,-4,2.47,-9.82,0
190,1/1/2000,0:0:0,54.00,29.70,622,147,3773,9,14,5,2.47,-9.82,0
191,1/1/2000,0:0:0,54.00,29.70,636,131,3776,13,11,15,2.47,-9.82,0
192,1/1/2000,0:0:0,54.00,29.70,631,154,3761,1,-2,-5,2.47,-9.82,0
193,1/1/2000,0:0:0,54.00,29.70,612,154,3802,-2,-4,3,2.47,-9.82,0
194,1/1/2000,0:0:0,54.00,29.70,632,129,3756,0,-8,7,2.47,-9.82,0
195,1/1/2000,0:0:0,54.00,29.70,632,141,3756,2,-4,11,2.47,-9.82,0
196,1/1/2000,0:0:0,54.00,29.70,647,141,3778,-12,-14,6,2.47,-9.82,0
197,1/1/2000,0:0:0,54.00,29.70,652,149,3772,-5,3,-3,2.47,-9.82,0
198,1/1/2000,0:0:0,54.00,29.70,631,151,3753,-5,7,9,2.47,-9.82,0
199,1/1/2000,0:0:0,54.00,29.70,643,149,3767,-7,5,-11,2.47,-9.82,0
200,1/1/2000,0:0:0,54.00,29.70,644,142,3770,-4,-19,0,2.47,-9.82,0
201,1/1/2000,0:0:0,54.00,29.70,626,137,3777,10,6,-4,2.47,-9.82,0
202,1/1/2000,0:0:0,54.00,29.70,634,154,3813,-3,5,5,2.47,-9.82,0
203,1/1/2000,0:0:0,54.00,29.70,640,134,3772,8,4,-15,2.47,-9.82,0
204,1/1/2000,0:0:0,54.00,29.70,620,135,3774,-1,11,5,2.47,-9.82,0
205,1/1/2000,0:0:0,54.00,29.70,630,132,3745,-6,1,-11,2.47,-9.82,0
206,1/1/2000,0:0:0,54.00,29.80,631,143,3769,-7,15,0,2.47,-9.82,0
207,1/1/2000,0:0:0,54.00,29.80,633,134,3767,-12,3,-13,2.47,-9.82,0
208,1/1/2000,0:0:0,54.00,29.80,639,147,3807,2,7,2,2.47,-9.82,0
209,1/1/2000,0:0:0,54.00,29.80,625,143,3789,5,-10,4,2.47,-9.82,0
210,1/1/2000,0:0:0,54.00,29.80,634,149,3784,12,1,-4,2.47,-9.82,0
211,1/1/2000,0:0:0,54.00,29.80,641,149,3756,-12,5,-6,2.47,-9.82,0
212,1/1/2000,0:0:0,54.00,29.80,637,143,3780,6,4,-5,2.47,-9.82,0
213,1/1/2000,0:0:0,54.00,29.80,635,120,3755,10,-1,20,2.47,-9.82,0
214,1/1/2000,0:0:0,54.00,29.80,637,140,3804,12,1,17,2.47,-9.82,0
215,1/1/2000,0:0:0,54.00,29.80,645,150,3775,8,2,-10,2.47,-9.82,0
216,1/1/2000,0:0:0,54.00,29.80,663,137,3754,-6,-58,-13,2.47,-9.82,0
217,1/1/2000,0:0:0,54.00,29.80,625,143,3693,21,-23,13,2.47,-9.82,0
218,1/1/2000,0:0:0,54.00,29.80,639,163,3756,8,-10,7,2.47,-9.82,0
219,1/1/2000,0:0:0,54.00,29.80,634,147,3760,3,0,-4,2.47,-9.82,0
220,1/1/2000,0:0:0,54.00,29.80,627,135,3782,3,-1,2,2.47,-9.82,0
221,1/1/2000,0:0:0,54.00,29.80,663,137,3804,8,2,8,2.47,-9.82,0
222,1/1/2000,0:0:0,54.00,29.80,613,144,3781,7,-13,2,2.47,-9.82,0
223,1/1/2000,0:0:0,54.00,29.80,631,129,3764,-11,18,-2,2.47,-9.82,0
224,1/1/2000,0:0:0,54.00,29.80,613,148,3784,-5,-1,-2,2.47,-9.82,0
225,1/1/2000,0:0:0,54.00,29.80,617,141,3779,-5,23,0,2.47,-9.82,0
226,1/1/2000,0:0:0,54.00,29.80,631,139,3765,18,13,-11,2.47,-9.82,0
227,1/1/2000,0:0:0,54.00,29.80,614,149,3808,-21,24,-1,2.47,-9.82,0
228,1/1/2000,0:0:0,54.00,29.80,636,142,3769,4,17,-3,2.47,-9.82,0
229,1/1/2000,0:0:0,54.00,29.80,647,127,3758,3,-7,-2,2.47,-9.82,0
230,1/1/2000,0:0:0,54.00,29.80,624,126,3770,0,-6,-1,2.47,-9.82,0
231,1/1/2000,0:0:0,54.00,29.80,617,142,3776,-2,-18,-13,2.47,-9.82,0
232,1/1/2000,0:0:0,54.00,29.80,635,135,3752,11,5,-5,2.47,-9.82,0
233,1/1/2000,0:0:0,54.00,29.80,603,137,3767,-1,-13,1,2.47,-9.82,0
234,1/1/2000,0:0:0,54.00,29.80,640,114,3746,0,-13,-10,2.47,-9.82,0
235,1/1/2000,0:0:0,53.00,29.80,620,155,3794,-10,-1,-15,2.47,-9.82,0
236,1/1/2000,0:0:0,53.00,29.80,632,153,3784,2,-3,2,2.47,-9.82,0
237,1/1/2000,0:0:0,53.00,29.80,619,147,3799,5,26,13,2.47,-9.82,0
238,1/1/2000,0:0:0,53.00,29.80,622,128,3759,0,18,1,2.47,-9.82,0
239,1/1/2000,0:0:0,53.00,29.80,649,137,3785,24,-4,2,2.47,-9.82,0
240,1/1/2000,0:0:0,53.00,29.80,621,141,3763,-11,11,-4,2.47,-9.82,0
241,1/1/2000,0:0:0,53.00,29.80,612,127,3752,-3,0,6,2.47,-9.82,0
242,1/1/2000,0:0:0,53.00,29.80,646,134,3769,-2,-9,19,2.47,-9.82,0
243,1/1/2000,0:0:0,53.00,29.80,645,142,3767,1,-16,9,2.47,-9.82,0
244,1/1/2000,0:0:0,53.00,29.80,635,140,3764,16,-11,0,2.47,-9.82,0
245,1/1/2000,0:0:0,53.00,29.80,645,138,3772,8,-2,-11,2.47,-9.82,0
246,1/1/2000,0:0:0,53.00,29.80,633,144,3768,-10,-5,4,2.47,-9.82,0
247,1/1/2000,0:0:0,53.00,29.80,652,151,3765,18,11,17,2.47,-9.82,0
248,1/1/2000,0:0:0,53.00,29.80,644,148,3787,6,-6,-12,2.47,-9.82,0
249,1/1/2000,0:0:0,53.00,29.80,649,133,3777,4,0,-17,2.47,-9.82,0
250,1/1/2000,0:0:0,53.00,29.80,649,123,3778,-4,-8,-8,2.47,-9.82,0
251,1/1/2000,0:0:0,53.00,29.80,633,134,3781,2,-2,-6,2.47,-9.82,0
252,1/1/2000,0:0:0,53.00,29.80,643,143,3756,-2,14,-1,2.47,-9.82,0
253,1/1/2000,0:0:0,53.00,29.80,644,138,3765,-3,-3,-2,2.47,-9.82,0
254,1/1/2000,0:0:0,53.00,29.80,646,157,3767,7,-3,-4,2.47,-9.82,0
255,1/1/2000,0:0:0,53.00,29.80,652,140,3800,21,0,-3,2.47,-9.82,0
256,1/1/2000,0:0:0,53.00,29.80,643,151,3769,-5,14,-12,2.47,-9.82,0
257,1/1/2000,0:0:0,53.00,29.80,646,147,3767,-5,-16,-11,2.47,-9.82,0
258,1/1/2000,0:0:0,53.00,29.80,636,122,3775,5,-1,-3,2.47,-9.82,0
259,1/1/2000,0:0:0,53.00,29.80,632,145,3781,11,6,-12,2.47,-9.82,0
260,1/1/2000,0:0:0,53.00,29.80,624,161,3777,4,-15,-10,2.47,-9.82,0
261,1/1/2000,0:0:0,53.00,29.80,633,151,3770,-1,-2,10,2.47,-9.82,0
262,1/1/2000,0:0:0,53.00,29.80,645,146,3780,3,5,9,2.47,-9.82,0
263,1/1/2000,0:0:0,53.00,29.80,628,135,3755,-6,-5,5,2.47,-9.82,0
264,1/1/2000,0:0:0,53.00,29.70,634,132,3768,-7,-9,-15,2.47,-9.82,0
265,1/1/2000,0:0:0,53.00,29.70,637,140,3785,-2,7,-14,2.47,-9.82,0
266,1/1/2000,0:0:0,53.00,29.70,634,133,3787,3,4,-10,2.47,-9.82,0
267,1/1/2000,0:0:0,53.00,29.70,640,143,3796,-6,-9,10,2.47,-9.82,0
268,1/1/2000,0:0:0,53.00,29.70,649,146,3769,1,13,2,2.47,-9.82,0
269,1/1/2000,0:0:0,53.00,29.70,652,132,3751,3,-4,-4,2.47,-9.82,0
270,1/1/2000,0:0:0,53.00,29.70,620,137,3728,-7,-2,-8,2.47,-9.82,0
271,1/1/2000,0:0:0,53.00,29.70,641,136,3774,0,-11,-3,2.47,-9.82,0
272,1/1/2000,0:0:0,53.00,29.70,624,130,3772,-7,-1,-20,2.47,-9.82,0
273,1/1/2000,0:0:0,53.00,29.70,625,132,3777,1,-3,-1,2.47,-9.82,0
274,1/1/2000,0:0:0,53.00,29.70,639,139,3782,5,-3,0,2.47,-9.82,0
275,1/1/2000,0:0:0,53.00,29.70,637,138,3757,5,20,-5,2.47,-9.82,0
276,1/1/2000,0:0:0,53.00,29.70,639,151,3750,22,-14,2,2.47,-9.82,0
277,1/1/2000,0:0:0,53.00,29.70,627,136,3753,4,-16,3,2.47,-9.82,0
278,1/1/2000,0:0:0,53.00,29.70,613,143,3791,4,-3,-3,2.47,-9.82,0
279,1/1/2000,0:0:0,53.00,29.70,633,128,3781,-11,-8,3,2.47,-9.82,0
280,1/1/2000,0:0:0,53.00,29.70,622,142,3779,3,7,5,2.47,-9.82,0
281,1/1/2000,0:0:0,53.00,29.70,628,152,3808,-8,-8,-8,2.47,-9.82,0
282,1/1/2000,0:0:0,53.00,29.70,643,138,3763,-9,1,-17,2.47,-9.82,0
283,1/1/2000,0:0:0,53.00,29.70,632,137,3790,3,11,2,2.47,-9.82,0
284,1/1/2000,0:0:0,53.00,29.70,619,133,3787,14,-10,6,2.47,-9.82,0
285,1/1/2000,0:0:0,53.00,29.70,641,140,3785,2,6,18,2.47,-9.82,0
286,1/1/2000,0:0:0,53.00,29.70,622,153,3772,3,12,6,2.47,-9.82,0
287,1/1/2000,0:0:0,53.00,29.70,650,141,3756,-19,1,5,2.47,-9.82,0
288,1/1/2000,0:0:0,53.00,29.70,623,137,3744,1,6,5,2.46,-9.82,0
289,1/1/2000,0:0:0,53.00,29.70,635,135,3782,-4,14,4,2.46,-9.82,0
290,1/1/2000,0:0:0,53.00,29.70,611,131,3786,13,-20,-6,2.46,-9.82,0
291,1/1/2000,0:0:0,53.00,29.70,626,144,3755,19,3,4,2.46,-9.82,0
292,1/1/2000,0:0:0,53.00,29.70,631,133,3759,16,-1,3,2.46,-9.82,0
293,1/1/2000,0:0:0,53.00,29.70,614,141,3756,6,-3,10,2.46,-9.82,0
294,1/1/2000,0:0:0,53.00,29.80,620,128,3764,1,15,3,2.46,-9.82,0
295,1/1/2000,0:0:0,53.00,29.80,631,137,3772,-11,-22,-3,2.46,-9.82,0
296,1/1/2000,0:0:0,53.00,29.80,642,152,3775,-15,29,5,2.46,-9.82,0
297,1/1/2000,0:0:0,53.00,29.80,656,147,3765,-33,-5,10,2.46,-9.82,0
298,1/1/2000,0:0:0,53.00,29.80,637,129,3766,38,-6,2,2.46,-9.82,0
299,1/1/2000,0:0:0,53.00,29.80,635,147,3781,78,-23,-23,2.46,-9.82,0
300,1/1/2000,0:0:0,53.00,29.80,632,149,3770,-82,22,14,2.46,-9.82,0
301,1/1/2000,0:0:0,53.00,29.80,634,137,3760,22,-10,4,2.46,-9.82,0
302,1/1/2000,0:0:0,53.00,29.80,635,145,3779,35,-26,-7,2.46,-9.82,0
303,1/1/2000,0:0:0,53.00,29.80,651,172,3765,-43,16,6,2.46,-9.82,0
304,1/1/2000,0:0:0,53.00,29.80,639,142,3757,69,-19,-27,2.46,-9.82,0
305,1/1/2000,0:0:0,53.00,29.80,642,165,3765,-32,10,-1,2.46,-9.82,0
306,1/1/2000,0:0:0,53.00,29.80,630,134,3787,-15,13,7,2.46,-9.82,0
307,1/1/2000,0:0:0,53.00,29.80,614,131,3778,-27,-3,9,2.46,-9.82,0
308,1/1/2000,0:0:0,53.00,29.80,643,141,3788,72,-23,-20,2.46,-9.82,0
309,1/1/2000,0:0:0,53.00,29.80,652,126,3771,47,-15,-3,2.47,-9.82,0
310,1/1/2000,0:0:0,53.00,29.80,633,138,3785,-143,65,27,2.46,-9.82,0
311,1/1/2000,0:0:0,53.00,29.80,621,122,3774,-33,27,81,2.46,-9.81,0
312,1/1/2000,0:0:0,53.00,29.80,604,148,3777,246,-62,-23,2.47,-9.81,0
313,1/1/2000,0:0:0,53.00,29.80,628,159,3689,-136,48,22,2.47,-9.81,0
314,1/1/2000,0:0:0,53.00,29.80,634,112,3791,-95,20,22,2.46,-9.81,0
315,1/1/2000,0:0:0,53.00,29.80,649,147,3773,228,-71,12,2.47,-9.81,0
316,1/1/2000,0:0:0,53.00,29.80,675,150,3738,53,-6,10,2.47,-9.81,0
317,1/1/2000,0:0:0,53.00,29.80,626,177,3765,-333,115,51,2.46,-9.81,0
318,1/1/2000,0:0:0,53.00,29.80,615,93,3844,-489,150,90,2.46,-9.81,0
319,1/1/2000,0:0:0,53.00,29.80,584,105,3814,300,-86,-5,2.46,-9.81,0
320,1/1/2000,0:0:0,53.00,29.80,644,147,3772,514,-149,125,2.46,-9.81,0
321,1/1/2000,0:0:0,53.00,29.80,640,167,3755,-71,33,25,2.46,-9.81,0
322,1/1/2000,0:0:0,53.00,29.80,648,116,3768,-324,96,66,2.46,-9.81,0
323,1/1/2000,0:0:0,53.00,29.80,620,96,3778,36,-5,-19,2.46,-9.81,0
324,1/1/2000,0:0:0,53.00,29.80,622,119,3760,24,-4,-3,2.46,-9.81,0
325,1/1/2000,0:0:0,53.00,29.80,588,95,3810,266,-58,-54,2.46,-9.81,0
326,1/1/2000,0:0:0,53.00,29.80,615,180,3792,778,-225,-131,2.46,-9.81,0
327,1/1/2000,0:0:0,53.00,29.80,680,164,3814,-117,71,27,2.47,-9.81,0
328,1/1/2000,0:0:0,53.00,29.80,695,177,3780,15,5,4,2.47,-9.81,0
329,1/1/2000,0:0:0,53.00,29.80,639,180,3790,33,-1,-24,2.48,-9.81,0
330,1/1/2000,0:0:0,53.00,29.80,633,194,3806,154,-44,-35,2.48,-9.81,0
331,1/1/2000,0:0:0,53.00,29.80,599,186,3766,-12,6,3,2.48,-9.81,0
332,1/1/2000,0:0:0,53.00,29.80,652,182,3763,4,-12,10,2.49,-9.81,0
333,1/1/2000,0:0:0,53.00,29.80,655,187,3787,34,-15,-6,2.49,-9.81,0
334,1/1/2000,0:0:0,53.00,29.80,677,198,3728,11,-22,154,2.49,-9.82,0
335,1/1/2000,0:0:0,53.00,29.80,710,198,3733,-4,23,20,2.50,-9.82,0
336,1/1/2000,0:0:0,53.00,29.80,628,200,3778,-11,-1,19,2.50,-9.82,0
337,1/1/2000,0:0:0,53.00,29.80,593,203,3787,-8,-7,25,2.50,-9.82,0
338,1/1/2000,0:0:0,53.00,29.80,660,191,3776,-4,0,0,2.50,-9.82,0
339,1/1/2000,0:0:0,53.00,29.80,702,168,3797,-21,17,5,2.50,-9.82,0
340,1/1/2000,0:0:0,53.00,29.80,681,189,3795,-11,-3,2,2.51,-9.82,0
341,1/1/2000,0:0:0,53.00,29.80,635,206,3785,3,11,6,2.51,-9.82,0
342,1/1/2000,0:0:0,53.00,29.80,611,195,3765,26,9,7,2.51,-9.82,0
343,1/1/2000,0:0:0,53.00,29.80,736,188,3745,-18,-7,-14,2.51,-9.82,0
344,1/1/2000,0:0:0,53.00,29.80,695,185,3788,18,-9,16,2.51,-9.82,0
345,1/1/2000,0:0:0,53.00,29.80,601,213,3776,-1,-12,8,2.51,-9.82,0
346,1/1/2000,0:0:0,53.00,29.80,574,190,3793,-3,-26,1,2.51,-9.82,0
347,1/1/2000,0:0:0,53.00,29.80,635,201,3775,7,3,15,2.51,-9.82,0
348,1/1/2000,0:0:0,53.00,29.80,690,167,3770,12,11,53,2.51,-9.82,0
349,1/1/2000,0:0:0,53.00,29.80,680,193,3764,-24,-24,6,2.51,-9.82,0
350,1/1/2000,0:0:0,53.00,29.80,617,187,3773,9,5,5,2.51,-9.82,0
351,1/1/2000,0:0:0,52.00,29.80,616,205,3771,6,13,-10,2.51,-9.82,0
352,1/1/2000,0:0:0,52.00,29.80,660,187,3764,9,-13,7,2.52,-9.82,0
353,1/1/2000,0:0:0,52.00,29.80,703,178,3752,8,-8,12,2.52,-9.82,0
354,1/1/2000,0:0:0,52.00,29.80,682,189,3762,2,-1,4,2.52,-9.82,0
355,1/1/2000,0:0:0,52.00,29.80,618,213,3762,-14,15,10,2.52,-9.82,0
356,1/1/2000,0:0:0,52.00,29.80,611,220,3765,-6,-3,3,2.52,-9.82,0
357,1/1/2000,0:0:0,52.00,29.80,658,195,3760,21,38,14,2.52,-9.82,0
358,1/1/2000,0:0:0,52.00,29.80,692,174,3751,-11,-3,11,2.52,-9.82,0
359,1/1/2000,0:0:0,52.00,29.80,686,167,3792,20,-5,1,2.52,-9.82,0
360,1/1/2000,0:0:0,52.00,29.80,622,226,3751,-7,-14,4,2.52,-9.82,0
361,1/1/2000,0:0:0,52.00,29.80,617,206,3758,13,2,4,2.52,-9.82,0
362,1/1/2000,0:0:0,52.00,29.80,444,265,3657,5,1,156,2.52,-9.82,0
363,1/1/2000,0:0:0,52.00,29.80,808,163,3766,361,-4,3058,2.52,-9.82,0
364,1/1/2000,0:0:0,52.00,29.80,870,-107,3655,-1069,453,300,2.51,-9.82,0
365,1/1/2000,0:0:0,52.00,29.80,643,176,3923,838,-327,530,2.51,-9.82,0
366,1/1/2000,0:0:0,52.00,29.80,598,228,3521,-986,432,478,2.50,-9.82,0
367,1/1/2000,0:0:0,52.00,29.80,564,2,3663,-1831,792,479,2.48,-9.81,0
368,1/1/2000,0:0:0,52.00,29.80,515,-222,3589,194,-11,-231,2.46,-9.81,0
369,1/1/2000,0:0:0,52.00,29.80,551,-14,3818,11,22,19,2.45,-9.80,0
370,1/1/2000,0:0:0,52.00,29.80,541,41,3758,19,-21,143,2.44,-9.80,0
371,1/1/2000,0:0:0,52.00,29.80,635,-28,3854,12,-6,40,2.42,-9.79,0
372,1/1/2000,0:0:0,52.00,29.80,558,62,3788,54,2,207,2.41,-9.79,0
373,1/1/2000,0:0:0,52.00,29.80,549,-24,3782,47,-10,-2,2.40,-9.78,0
374,1/1/2000,0:0:0,52.00,29.80,587,7,3753,14,-3,30,2.40,-9.78,0
375,1/1/2000,0:0:0,52.00,29.80,601,77,3791,3,9,-78,2.39,-9.78,0
376,1/1/2000,0:0:0,52.00,29.80,616,-18,3775,-5,13,-5,2.38,-9.78,0
377,1/1/2000,0:0:0,52.00,29.80,580,-7,3778,2,-14,13,2.37,-9.77,0
378,1/1/2000,0:0:0,52.00,29.80,566,-18,3794,4,-17,-5,2.37,-9.77,0
379,1/1/2000,0:0:0,52.00,29.80,607,-13,3812,1,-11,13,2.36,-9.77,0
380,1/1/2000,0:0:0,53.00,29.80,594,-18,3782,-3,9,-15,2.36,-9.77,0
381,1/1/2000,0:0:0,53.00,29.80,603,-3,3781,-4,6,2,2.35,-9.77,0
382,1/1/2000,0:0:0,53.00,29.80,603,-5,3775,-4,15,-3,2.35,-9.76,0
383,1/1/2000,0:0:0,53.00,29.80,575,-10,3774,18,-11,-2,2.34,-9.76,0
384,1/1/2000,0:0:0,53.00,29.80,587,-15,3779,12,8,-19,2.34,-9.76,0
385,1/1/2000,0:0:0,53.00,29.80,581,-7,3774,7,3,-7,2.34,-9.76,0
386,1/1/2000,0:0:0,53.00,29.80,587,-34,3724,62,48,-5,2.34,-9.76,0
387,1/1/2000,0:0:0,53.00,29.80,515,3,3307,49,-57,-2,2.33,-9.76,0
388,1/1/2000,0:0:0,53.00,29.80,638,-80,3774,40,57,-3,2.33,-9.76,0
389,1/1/2000,0:0:0,53.00,29.80,411,-765,3774,-317,77,-2103,2.33,-9.75,0
390,1/1/2000,0:0:0,53.00,29.80,1000,519,3797,-76,108,-1881,2.33,-9.75,0
391,1/1/2000,0:0:0,53.00,29.80,1785,1002,6901,-1762,-200,-644,2.32,-9.75,0
392,1/1/2000,0:0:0,53.00,29.80,396,203,3843,-130,-63,-1335,2.31,-9.75,0
393,1/1/2000,0:0:0,53.00,29.80,1009,487,5712,1831,537,-1199,2.32,-9.74,0
394,1/1/2000,0:0:0,53.00,29.80,268,-474,1730,468,2009,-2348,2.33,-9.73,0
395,1/1/2000,0:0:0,53.00,29.80,985,2119,8998,-1682,-2418,4450,2.32,-9.73,0
396,1/1/2000,0:0:0,53.00,29.80,-834,-825,-1186,5081,2790,-3365,2.35,-9.71,0
397,1/1/2000,0:0:0,53.00,29.80,1194,-51,4627,-3230,1814,-2053,2.35,-9.68,0
398,1/1/2000,0:0:0,53.00,29.80,2885,1546,8089,-3786,-4761,3699,2.33,-9.68,0
399,1/1/2000,0:0:0,53.00,29.80,200,-296,2586,179,-2428,3245,2.31,-9.70,0
400,1/1/2000,0:0:0,53.00,29.80,-1320,-39,2208,3213,2790,-3313,2.32,-9.70,0
401,1/1/2000,0:0:0,53.00,29.80,872,-490,2572,748,3060,-2679,2.33,-9.68,0
402,1/1/2000,0:0:0,53.00,29.80,4689,779,13405,-1750,-6268,4894,2.32,-9.70,0
403,1/1/2000,0:0:0,53.00,29.80,-1269,-549,-538,7429,-1798,1122,2.36,-9.73,0
404,1/1/2000,0:0:0,53.00,29.80,469,117,4405,514,3735,-4195,2.40,-9.73,0
405,1/1/2000,0:0:0,53.00,29.80,622,-76,3584,-2983,-3406,2770,2.42,-9.75,0
406,1/1/2000,0:0:0,53.00,29.80,742,176,3484,-568,-124,553,2.43,-9.77,0
407,1/1/2000,0:0:0,54.00,29.80,-172,896,4597,-221,-270,294,2.43,-9.79,0
408,1/1/2000,0:0:0,54.00,29.80,199,-838,4085,1569,-1494,6533,2.44,-9.82,0
409,1/1/2000,0:0:0,54.00,29.80,4396,-1651,581,-1755,814,810,2.44,-9.84,0
410,1/1/2000,0:0:0,54.00,29.80,-2090,816,5919,-948,728,-3317,2.43,-9.86,0
411,1/1/2000,0:0:0,54.00,29.80,4175,-1059,1659,-6,3892,-3592,2.43,-9.85,0
412,1/1/2000,0:0:0,54.00,29.80,-4444,1952,7854,637,-5457,-833,2.43,-9.87,0
413,1/1/2000,0:0:0,54.00,29.80,2881,-797,2778,-467,3066,1848,2.43,-9.87,0
414,1/1/2000,0:0:0,54.00,29.80,1161,-669,2161,-393,-2317,-4615,2.43,-9.89,0
415,1/1/2000,0:0:0,54.00,29.80,-260,-153,5672,-238,3911,6973,2.42,-9.88,1
416,1/1/2000,0:0:0,53.00,29.80,597,-9,3811,9,12,9,2.41,-9.88,1
417,1/1/2000,0:0:0,53.00,29.80,583,-7,3801,4,-11,5,2.40,-9.87,1
418,1/1/2000,0:0:0,54.00,29.70,575,-8,3774,20,-13,0,2.40,-9.86,1
419,1/1/2000,0:0:0,54.00,29.70,595,-35,3783,-10,8,-9,2.39,-9.86,1
420,1/1/2000,0:0:0,54.00,29.70,590,-13,3754,1,10,-8,2.38,-9.86,0
421,1/1/2000,0:0:0,54.00,29.70,599,-12,3787,-20,-1,-6,2.38,-9.85,0
422,1/1/2000,0:0:0,54.00,29.70,578,-32,3780,10,-8,20,2.37,-9.85,0
423,1/1/2000,0:0:0,54.00,29.70,591,-28,3781,9,6,2,2.37,-9.84,0
424,1/1/2000,0:0:0,54.00,29.70,600,-20,3771,-22,-11,-2,2.37,-9.84,0
425,1/1/2000,0:0:0,54.00,29.70,562,-19,3773,-8,-10,12,2.36,-9.84,0
426,1/1/2000,0:0:0,54.00,29.70,588,-15,3798,3,-12,-8,2.36,-9.84,0
427,1/1/2000,0:0:0,54.00,29.70,579,-21,3798,25,1,-1,2.35,-9.83,0
428,1/1/2000,0:0:0,54.00,29.70,596,-23,3811,0,-13,-1,2.35,-9.83,0
429,1/1/2000,0:0:0,54.00,29.70,598,-32,3809,8,21,5,2.35,-9.83,0
430,1/1/2000,0:0:0,54.00,29.70,583,-20,3784,3,14,7,2.35,-9.83,0
431,1/1/2000,0:0:0,54.00,29.70,528,-26,3815,-71,-22,9,2.34,-9.83,0
432,1/1/2000,0:0:0,54.00,29.70,593,-17,3812,-14,6,3,2.34,-9.83,0
433,1/1/2000,0:0:0,54.00,29.90,606,-22,3772,-5,9,6,2.34,-9.82,0
434,1/1/2000,0:0:0,54.00,29.90,376,22,3807,44,-9,181,2.33,-9.82,0
435,1/1/2000,0:0:0,54.00,29.90,931,-48,3707,201,-49,1417,2.33,-9.82,0
436,1/1/2000,0:0:0,54.00,29.90,462,36,3602,-70,-35,-116,2.33,-9.82,0
437,1/1/2000,0:0:0,54.00,29.90,190,-60,4285,110,-99,483,2.33,-9.82,0
438,1/1/2000,0:0:0,54.00,29.90,416,55,3897,-160,4474,-1121,2.33,-9.79,0
439,1/1/2000,0:0:0,54.00,29.90,-152,-15,3779,812,6354,-2325,2.33,-9.73,0
440,1/1/2000,0:0:0,54.00,29.90,8,215,3961,1261,-1650,379,2.34,-9.68,0
441,1/1/2000,0:0:0,54.00,29.90,-463,262,4155,2437,295,-1823,2.37,-9.64,0
442,1/1/2000,0:0:0,54.00,29.90,407,32,3423,1598,-443,-372,2.41,-9.60,0
443,1/1/2000,0:0:0,54.00,29.90,141,-18,2767,411,1892,-1678,2.44,-9.55,0
444,1/1/2000,0:0:0,54.00,29.90,37,209,3973,-3136,-2773,1936,2.45,-9.52,0
445,1/1/2000,0:0:0,54.00,29.90,-507,353,4018,2787,4665,-1585,2.48,-9.47,0
446,1/1/2000,0:0:0,54.00,29.90,-612,1285,4960,-1118,2811,-784,2.50,-9.40,0
447,1/1/2000,0:0:0,54.00,29.90,-1124,396,3710,1053,509,260,2.52,-9.34,0
448,1/1/2000,0:0:0,54.00,29.90,-1233,238,3955,1060,-4077,379,2.55,-9.31,0
449,1/1/2000,0:0:0,54.00,29.90,-849,508,4570,163,-1544,221,2.58,-9.29,0
450,1/1/2000,0:0:0,54.00,29.90,-181,390,4046,-206,1456,-214,2.60,-9.26,0
451,1/1/2000,0:0:0,54.00,29.90,145,226,3547,13,-1813,927,2.62,-9.24,0
452,1/1/2000,0:0:0,54.00,29.90,-345,460,3199,1727,-705,-1521,2.65,-9.23,0
453,1/1/2000,0:0:0,54.00,29.90,-287,420,3427,291,-867,-1351,2.68,-9.23,0
454,1/1/2000,0:0:0,54.00,29.90,-533,517,3546,341,-91,-554,2.71,-9.23,0
455,1/1/2000,0:0:0,54.00,29.90,-82,471,3124,80,2658,-1731,2.74,-9.21,0
456,1/1/2000,0:0:0,54.00,29.90,-554,581,3986,-732,1978,-1736,2.76,-9.17,0
457,1/1/2000,0:0:0,54.00,29.90,-1148,963,4660,848,-399,-967,2.79,-9.15,0
458,1/1/2000,0:0:0,54.00,29.90,-32,927,3430,-5377,-6657,1524,2.78,-9.16,0
459,1/1/2000,0:0:0,54.00,29.90,176,-182,4114,-247,-790,-280,2.77,-9.18,0
460,1/1/2000,0:0:0,54.00,29.80,743,383,3354,5771,322,-1302,2.80,-9.19,0
461,1/1/2000,0:0:0,54.00,29.80,300,689,4521,347,-3327,-2758,2.83,-9.23,0
462,1/1/2000,0:0:0,54.00,29.80,342,-651,3088,-3138,-7547,-3572,2.84,-9.30,0
463,1/1/2000,0:0:0,54.00,29.80,1144,764,3142,1242,3730,-2114,2.86,-9.34,1
464,1/1/2000,0:0:0,53.00,29.80,558,592,4245,96,3728,7493,2.88,-9.36,1
465,1/1/2000,0:0:0,53.00,29.80,144,585,3746,-34,-432,-205,2.89,-9.38,1
466,1/1/2000,0:0:0,53.00,29.80,456,654,3700,16,-25,-30,2.90,-9.40,0
467,1/1/2000,0:0:0,53.00,29.80,384,573,3799,101,42,28,2.91,-9.41,0
468,1/1/2000,0:0:0,53.00,29.80,307,590,3808,12,-64,-57,2.92,-9.43,0
469,1/1/2000,0:0:0,53.00,29.80,389,628,3770,14,18,-48,2.92,-9.44,0
470,1/1/2000,0:0:0,53.00,29.80,372,641,3694,39,108,-21,2.93,-9.45,0
471,1/1/2000,0:0:0,53.00,29.80,374,539,3800,-167,-36,-44,2.94,-9.46,0
472,1/1/2000,0:0:0,53.00,29.80,508,614,3627,-139,-131,-123,2.94,-9.47,0
473,1/1/2000,0:0:0,53.00,29.80,317,614,3828,89,132,89,2.95,-9.47,0
474,1/1/2000,0:0:0,53.00,29.80,400,563,3674,-151,159,-58,2.95,-9.48,0
475,1/1/2000,0:0:0,53.00,29.80,420,536,3771,-30,-14,-27,2.96,-9.48,0
476,1/1/2000,0:0:0,53.00,29.80,392,571,3815,-82,-28,-51,2.96,-9.49,0
477,1/1/2000,0:0:0,53.00,29.80,421,483,3807,200,182,31,2.97,-9.49,0
478,1/1/2000,0:0:0,53.00,29.80,442,443,3761,9,329,-102,2.97,-9.49,0
479,1/1/2000,0:0:0,53.00,29.80,546,366,3812,217,259,-219,2.98,-9.49,0
480,1/1/2000,0:0:0,53.00,29.80,676,257,3595,195,390,-991,2.98,-9.48,0
481,1/1/2000,0:0:0,53.00,29.80,302,729,3484,-253,1069,-1343,2.99,-9.47,0
482,1/1/2000,0:0:0,53.00,29.80,154,864,3953,-648,63,-663,2.99,-9.46,0
483,1/1/2000,0:0:0,53.00,29.80,336,140,4008,-277,-687,-566,3.00,-9.46,0
484,1/1/2000,0:0:0,53.00,29.80,635,-39,3408,97,-6,-1632,3.00,-9.45,0
485,1/1/2000,0:0:0,53.00,29.80,341,526,3817,-1121,-266,-2947,3.00,-9.45,0
486,1/1/2000,0:0:0,53.00,29.80,254,461,4104,-585,-1566,-2932,3.00,-9.45,0
487,1/1/2000,0:0:0,53.00,29.80,337,422,3515,23,-355,-3122,3.00,-9.46,0
488,1/1/2000,0:0:0,53.00,29.80,269,216,3608,-804,-522,-3523,3.00,-9.46,0
489,1/1/2000,0:0:0,53.00,29.80,471,560,3706,-1078,-320,-4078,3.00,-9.47,0
490,1/1/2000,0:0:0,53.00,29.80,316,806,3841,-772,-183,-3930,3.00,-9.47,0
491,1/1/2000,0:0:0,53.00,29.80,189,1187,3540,-648,846,-2538,3.00,-9.47,0
492,1/1/2000,0:0:0,53.00,29.80,578,1046,3786,-658,121,-1131,2.99,-9.47,0
493,1/1/2000,0:0:0,53.00,29.80,641,808,4040,-284,-649,-216,2.99,-9.47,0
494,1/1/2000,0:0:0,53.00,29.80,797,607,3862,7,-1403,215,2.98,-9.48,0
495,1/1/2000,0:0:0,53.00,29.80,1029,138,4054,-584,407,-1266,2.98,-9.49,0
496,1/1/2000,0:0:0,53.00,29.80,316,-165,4581,-143,-746,-975,2.97,-9.50,0
497,1/1/2000,0:0:0,53.00,29.80,213,-398,3607,224,-1431,-388,2.97,-9.52,0
498,1/1/2000,0:0:0,53.00,29.80,788,-215,3230,-717,-309,-1255,2.96,-9.53,0
499,1/1/2000,0:0:0,53.00,29.80,611,-4,3611,-285,476,-2035,2.95,-9.54,0
500,1/1/2000,0:0:0,53.00,29.80,902,314,3273,99,-137,-2275,2.95,-9.56,0
501,1/1/2000,0:0:0,53.00,29.80,1117,336,3626,148,-117,-2439,2.95,-9.57,0
502,1/1/2000,0:0:0,53.00,29.80,1048,469,3678,664,-249,-1487,2.96,-9.58,0
503,1/1/2000,0:0:0,53.00,29.80,697,1174,4590,-137,-777,570,2.97,-9.59,0
504,1/1/2000,0:0:0,53.00,29.80,1140,1049,4225,862,-1433,625,2.98,-9.61,0
505,1/1/2000,0:0:0,53.00,29.80,-434,-117,5077,407,-1041,2139,2.98,-9.64,0
506,1/1/2000,0:0:0,53.00,29.80,352,787,2716,1614,1214,1910,3.00,-9.66,0
507,1/1/2000,0:0:0,53.00,29.80,356,404,3466,170,476,1554,3.01,-9.67,0
508,1/1/2000,0:0:0,53.00,29.80,319,668,3288,310,352,1379,3.03,-9.68,0
509,1/1/2000,0:0:0,53.00,29.80,564,927,3112,226,-48,1213,3.04,-9.69,0
510,1/1/2000,0:0:0,53.00,29.80,896,1143,3770,123,-504,1418,3.05,-9.70,0
511,1/1/2000,0:0:0,53.00,29.80,901,966,4333,935,-452,1345,3.07,-9.71,0
512,1/1/2000,0:0:0,53.00,29.80,1153,859,4155,1309,-495,119,3.09,-9.73,0
513,1/1/2000,0:0:0,53.00,29.80,124,-203,4459,890,-1343,270,3.11,-9.75,0
514,1/1/2000,0:0:0,53.00,29.80,1055,461,3184,1164,79,-228,3.14,-9.77,0
515,1/1/2000,0:0:0,53.00,29.80,1109,630,3629,391,1357,-987,3.17,-9.78,0
516,1/1/2000,0:0:0,53.00,29.80,968,712,3019,554,-126,-1285,3.21,-9.79,0
517,1/1/2000,0:0:0,53.00,29.80,1184,1035,3348,-178,-1022,-2383,3.24,-9.80,0
518,1/1/2000,0:0:0,53.00,29.80,1163,1053,3958,79,-655,-1716,3.27,-9.82,0
519,1/1/2000,0:0:0,53.00,29.80,572,595,4527,1103,-666,-1367,3.30,-9.84,0
520,1/1/2000,0:0:0,53.00,29.80,873,990,3969,795,247,-1170,3.34,-9.85,0
521,1/1/2000,0:0:0,53.00,29.80,972,462,4022,-802,70,-1899,3.37,-9.86,0
522,1/1/2000,0:0:0,53.00,29.80,475,-175,4295,-1401,-2310,-3294,3.40,-9.89,0
523,1/1/2000,0:0:0,53.00,29.80,1244,573,3144,-2231,-2281,-3497,3.41,-9.92,0
524,1/1/2000,0:0:0,53.00,29.80,907,-71,4077,-3564,-4840,-4307,3.40,-9.98,0
525,1/1/2000,0:0:0,53.00,29.80,1227,507,2556,-3108,-473,-3029,3.38,-10.03,0
526,1/1/2000,0:0:0,53.00,29.80,1151,293,3080,-1667,1536,-3501,3.36,-10.07,0
527,1/1/2000,0:0:0,53.00,29.80,813,286,3450,-1210,239,-3943,3.33,-10.11,0
528,1/1/2000,0:0:0,53.00,29.80,1489,399,3285,-1767,-785,-4637,3.30,-10.14,0
529,1/1/2000,0:0:0,53.00,29.80,1773,737,3044,-2398,-1918,-4370,3.27,-10.18,0
530,1/1/2000,0:0:0,53.00,29.80,1374,716,3889,-3846,807,-4751,3.22,-10.21,0
531,1/1/2000,0:0:0,53.00,29.80,1165,127,3392,-254,-2422,-3168,3.18,-10.26,0
532,1/1/2000,0:0:0,53.00,29.80,1356,-429,3335,-606,1501,-2334,3.14,-10.28,0
533,1/1/2000,0:0:0,53.00,29.80,1523,-970,4337,-35,2400,-1670,3.10,-10.30,0
534,1/1/2000,0:0:0,53.00,29.80,1598,-441,3613,1597,-180,977,3.08,-10.31,0
535,1/1/2000,0:0:0,53.00,29.80,1409,-342,3666,945,-1262,2023,3.06,-10.33,0
536,1/1/2000,0:0:0,53.00,29.80,893,71,3159,-578,-92,1997,3.04,-10.35,0
537,1/1/2000,0:0:0,53.00,29.80,1889,233,3134,-3350,-4052,1691,3.00,-10.39,0
538,1/1/2000,0:0:0,53.00,29.80,2079,633,2692,159,-2485,-1061,2.96,-10.44,0
539,1/1/2000,0:0:0,53.00,29.80,2460,685,3527,-196,1554,-766,2.93,-10.48,0
540,1/1/2000,0:0:0,53.00,29.80,2230,585,3631,826,623,150,2.91,-10.52,0
541,1/1/2000,0:0:0,53.00,29.80,1429,446,3473,1,2300,1837,2.88,-10.53,0
542,1/1/2000,0:0:0,53.00,29.80,1376,96,3202,901,3591,1871,2.87,-10.53,0
543,1/1/2000,0:0:0,53.00,29.80,1181,-262,3087,-768,998,1367,2.85,-10.52,0
544,1/1/2000,0:0:0,53.00,29.80,872,36,3662,35,1863,463,2.83,-10.50,0
545,1/1/2000,0:0:0,53.00,29.80,1545,235,4085,1691,-168,871,2.82,-10.48,0
546,1/1/2000,0:0:0,53.00,29.80,2226,481,4055,1514,231,-902,2.82,-10.46,0
547,1/1/2000,0:0:0,53.00,29.80,1891,135,4378,974,753,-2162,2.83,-10.45,0
548,1/1/2000,0:0:0,53.00,29.80,1361,-714,4387,448,-2081,-3556,2.84,-10.44,0
549,1/1/2000,0:0:0,53.00,29.80,1245,-441,2959,-192,638,-2912,2.86,-10.43,0
550,1/1/2000,0:0:0,53.00,29.80,1057,-91,2877,-1189,1447,-2787,2.87,-10.41,0
551,1/1/2000,0:0:0,53.00,29.80,691,657,2685,-1704,310,-2674,2.87,-10.39,0
552,1/1/2000,0:0:0,53.00,29.80,1370,611,3499,-1269,-309,-1751,2.87,-10.38,0
553,1/1/2000,0:0:0,53.00,29.80,1931,737,4393,-219,104,-1323,2.86,-10.37,0
554,1/1/2000,0:0:0,53.00,29.80,1534,479,5025,747,646,-1456,2.87,-10.35,0
555,1/1/2000,0:0:0,53.00,29.80,-586,310,4230,-160,1168,240,2.87,-10.33,0
556,1/1/2000,0:0:0,53.00,29.80,779,307,3431,-1479,2320,-688,2.86,-10.29,0
557,1/1/2000,0:0:0,52.00,29.80,177,256,3163,1118,299,171,2.86,-10.26,0
558,1/1/2000,0:0:0,52.00,29.80,242,744,2673,903,-755,408,2.87,-10.23,0
559,1/1/2000,0:0:0,52.00,29.80,812,992,3817,538,-1679,182,2.88,-10.22,0
560,1/1/2000,0:0:0,52.00,29.80,1308,428,4646,529,-873,-855,2.89,-10.22,0
561,1/1/2000,0:0:0,52.00,29.80,576,293,4544,244,532,-1290,2.91,-10.21,0
562,1/1/2000,0:0:0,52.00,29.80,1406,-128,4084,618,-75,-679,2.92,-10.20,0
563,1/1/2000,0:0:0,52.00,29.80,675,115,3389,-104,405,-1441,2.94,-10.19,0
564,1/1/2000,0:0:0,52.00,29.80,274,543,2709,-128,734,-1207,2.95,-10.17,0
565,1/1/2000,0:0:0,52.00,29.80,797,971,3171,-28,-836,-173,2.97,-10.17,0
566,1/1/2000,0:0:0,52.00,29.80,546,1104,4437,719,-1003,1407,2.98,-10.17,0
567,1/1/2000,0:0:0,52.00,29.80,699,686,4404,167,1887,1428,3.00,-10.16,0
568,1/1/2000,0:0:0,52.00,29.80,490,410,4478,-433,387,1906,3.01,-10.14,0
569,1/1/2000,0:0:0,52.00,29.80,454,201,3530,-407,1777,892,3.01,-10.12,0
570,1/1/2000,0:0:0,52.00,29.80,-142,408,2998,-571,1214,1145,3.01,-10.10,0
571,1/1/2000,0:0:0,52.00,29.80,306,776,2644,106,325,629,3.01,-10.07,0
572,1/1/2000,0:0:0,52.00,29.80,612,669,3889,-22,-1946,283,3.01,-10.06,0
573,1/1/2000,0:0:0,52.00,29.80,891,353,4640,1690,31,-1383,3.02,-10.05,0
574,1/1/2000,0:0:0,52.00,29.80,422,217,4706,691,-52,-2210,3.04,-10.04,0
575,1/1/2000,0:0:0,52.00,29.80,958,229,3950,191,635,-1282,3.06,-10.02,0
576,1/1/2000,0:0:0,52.00,29.80,558,470,3852,230,1545,-2184,3.08,-10.00,0
577,1/1/2000,0:0:0,52.00,29.80,-76,853,2883,512,683,-1188,3.10,-9.98,0
578,1/1/2000,0:0:0,52.00,29.80,338,1235,2947,287,-2343,1777,3.12,-9.97,0
579,1/1/2000,0:0:0,52.00,29.80,711,1336,3563,-50,-389,2730,3.14,-9.96,0
580,1/1/2000,0:0:0,52.00,29.80,1201,544,5016,760,-1793,1666,3.15,-9.97,0
581,1/1/2000,0:0:0,52.00,29.80,-231,5,4463,817,-1521,786,3.17,-9.99,0
582,1/1/2000,0:0:0,52.00,29.80,433,259,3406,-352,1305,-109,3.19,-9.99,0
583,1/1/2000,0:0:0,52.00,29.80,274,555,3662,-476,738,-513,3.20,-10.00,0
584,1/1/2000,0:0:0,52.00,29.70,139,651,3363,82,-249,-689,3.21,-10.00,0
585,1/1/2000,0:0:0,52.00,29.70,333,1037,3023,325,-188,-748,3.23,-10.00,0
586,1/1/2000,0:0:0,52.00,29.70,671,1130,3920,-189,-523,-1793,3.24,-10.01,0
587,1/1/2000,0:0:0,52.00,29.70,942,943,4018,870,1005,-3600,3.27,-10.00,0
588,1/1/2000,0:0:0,52.00,29.70,-385,478,4454,364,-770,-2846,3.29,-10.00,0
589,1/1/2000,0:0:0,52.00,29.70,601,654,3595,-196,688,-3010,3.32,-10.00,0
590,1/1/2000,0:0:0,52.00,29.70,156,925,3407,-433,-258,-2263,3.34,-9.99,0
591,1/1/2000,0:0:0,52.00,29.70,290,772,3018,-951,-264,-1189,3.36,-9.99,0
592,1/1/2000,0:0:0,52.00,29.70,730,916,3924,-1356,-487,-1285,3.37,-9.99,0
593,1/1/2000,0:0:0,52.00,29.70,482,1027,4168,385,107,-619,3.38,-9.99,0
594,1/1/2000,0:0:0,52.00,29.70,190,764,3794,581,318,-578,3.39,-9.99,0
595,1/1/2000,0:0:0,52.00,29.70,270,730,3379,70,-1367,567,3.40,-9.99,0
596,1/1/2000,0:0:0,52.00,29.70,119,303,4078,-728,494,-1644,3.41,-9.99,0
597,1/1/2000,0:0:0,52.00,29.70,108,644,3417,-398,552,-1994,3.42,-9.99,0
598,1/1/2000,0:0:0,52.00,29.70,-623,547,3694,-698,30,-2506,3.43,-9.98,0
599,1/1/2000,0:0:0,52.00,29.70,-551,472,4093,-349,-748,-2729,3.43,-9.98,0
600,1/1/2000,0:0:0,52.00,29.70,512,753,3810,-463,900,-3471,3.44,-9.97,0
601,1/1/2000,0:0:0,52.00,29.70,587,923,3638,274,187,-2134,3.45,-9.96,0
602,1/1/2000,0:0:0,52.00,29.70,509,598,4586,-940,-919,-3337,3.46,-9.96,0
603,1/1/2000,0:0:0,52.00,29.70,-73,1279,3225,-663,207,-939,3.46,-9.95,0
604,1/1/2000,0:0:0,52.00,29.70,726,815,3830,-1350,-529,-313,3.46,-9.95,0
605,1/1/2000,0:0:0,52.00,29.70,713,862,3993,-620,-821,3,3.45,-9.95,0
606,1/1/2000,0:0:0,52.00,29.70,539,604,4047,-332,-317,22,3.44,-9.96,0
607,1/1/2000,0:0:0,52.00,29.70,629,736,3936,1043,303,-402,3.44,-9.96,0
608,1/1/2000,0:0:0,52.00,29.70,-174,433,3745,586,2234,136,3.45,-9.95,0
609,1/1/2000,0:0:0,52.00,29.70,-267,286,3195,661,433,626,3.45,-9.93,0
610,1/1/2000,0:0:0,52.00,29.70,241,262,3935,-867,733,-807,3.46,-9.92,0
611,1/1/2000,0:0:0,52.00,29.80,121,369,3593,279,923,-987,3.46,-9.89,0
612,1/1/2000,0:0:0,52.00,29.80,82,567,3865,-67,307,-1904,3.47,-9.87,0
613,1/1/2000,0:0:0,52.00,29.80,183,842,3932,-28,-275,-2302,3.47,-9.85,0
614,1/1/2000,0:0:0,52.00,29.80,-57,841,4334,1060,-846,-2280,3.49,-9.84,0
615,1/1/2000,0:0:0,52.00,29.80,8,704,3939,1827,-1580,-2411,3.52,-9.83,0
616,1/1/2000,0:0:0,52.00,29.80,-322,510,3871,1131,-2195,-2757,3.55,-9.84,0
617,1/1/2000,0:0:0,52.00,29.80,-20,654,4007,50,-1117,-1723,3.59,-9.85,0
618,1/1/2000,0:0:0,52.00,29.80,264,964,3657,401,-320,-1557,3.62,-9.86,0
619,1/1/2000,0:0:0,52.00,29.80,2,1127,3277,95,-854,29,3.65,-9.88,0
620,1/1/2000,0:0:0,52.00,29.80,173,1222,3455,-399,-90,999,3.68,-9.89,0
621,1/1/2000,0:0:0,52.00,29.80,311,1003,3514,428,849,2325,3.71,-9.90,0
622,1/1/2000,0:0:0,52.00,29.80,589,976,3560,941,470,4150,3.73,-9.91,0
623,1/1/2000,0:0:0,52.00,29.80,548,1038,3495,716,994,5171,3.75,-9.91,0
624,1/1/2000,0:0:0,52.00,29.80,317,692,3997,-12,1578,6046,3.76,-9.91,0
625,1/1/2000,0:0:0,52.00,29.80,714,255,4010,-883,1403,5085,3.76,-9.90,0
626,1/1/2000,0:0:0,52.00,29.80,-714,911,4085,-1627,2361,3868,3.75,-9.87,0
627,1/1/2000,0:0:0,52.00,29.80,-1277,980,4106,-1182,-1363,4492,3.73,-9.86,0
628,1/1/2000,0:0:0,52.00,29.80,-620,752,3342,145,1287,5092,3.70,-9.84,0
629,1/1/2000,0:0:0,52.00,29.80,190,563,3673,-338,1508,3854,3.68,-9.82,0
630,1/1/2000,0:0:0,52.00,29.80,187,569,3977,122,-67,1556,3.65,-9.80,0
631,1/1/2000,0:0:0,52.00,29.80,-237,822,3415,537,91,464,3.63,-9.78,0
632,1/1/2000,0:0:0,52.00,29.80,-235,1230,3547,-186,994,537,3.61,-9.75,0
633,1/1/2000,0:0:0,52.00,29.80,353,1069,3491,-348,339,521,3.59,-9.73,0
634,1/1/2000,0:0:0,52.00,29.80,161,604,4000,-585,-203,-204,3.57,-9.71,0
635,1/1/2000,0:0:0,52.00,29.80,624,867,3570,-721,445,-376,3.55,-9.69,0
636,1/1/2000,0:0:0,52.00,29.80,49,1100,3803,-680,620,-922,3.53,-9.66,0
637,1/1/2000,0:0:0,52.00,29.70,298,1233,3757,-786,-649,-802,3.50,-9.64,0
638,1/1/2000,0:0:0,52.00,29.70,492,917,4087,229,-1316,-317,3.48,-9.64,0
639,1/1/2000,0:0:0,52.00,29.70,218,1295,3954,1120,183,-1074,3.47,-9.63,0
640,1/1/2000,0:0:0,52.00,29.70,689,903,3756,714,-545,-2194,3.47,-9.62,0
641,1/1/2000,0:0:0,52.00,29.70,461,484,3920,-983,-1681,-3453,3.47,-9.62,0
642,1/1/2000,0:0:0,52.00,29.70,130,-186,3950,-1276,974,-3596,3.46,-9.62,0
643,1/1/2000,0:0:0,52.00,29.70,345,274,3325,-929,143,-2790,3.45,-9.61,0
644,1/1/2000,0:0:0,52.00,29.70,264,423,3625,-708,-98,-2596,3.44,-9.61,0
645,1/1/2000,0:0:0,52.00,29.70,561,599,3763,-409,-1039,-2350,3.43,-9.61,0
646,1/1/2000,0:0:0,52.00,29.70,281,434,4031,415,-462,-1464,3.43,-9.61,0
647,1/1/2000,0:0:0,52.00,29.70,484,586,3941,763,-605,-1140,3.43,-9.62,0
648,1/1/2000,0:0:0,52.00,29.70,124,451,4005,526,428,-753,3.44,-9.62,0
649,1/1/2000,0:0:0,52.00,29.70,-191,309,4234,-579,-540,-291,3.44,-9.62,0
650,1/1/2000,0:0:0,52.00,29.70,-129,165,3943,-513,1486,437,3.44,-9.62,0
651,1/1/2000,0:0:0,52.00,29.70,-479,14,3397,435,355,94,3.44,-9.61,0
652,1/1/2000,0:0:0,52.00,29.70,-81,540,2676,185,-277,1083,3.44,-9.60,0
653,1/1/2000,0:0:0,52.00,29.70,161,660,2906,204,-653,882,3.45,-9.60,0
654,1/1/2000,0:0:0,52.00,29.70,455,1111,3159,598,-1408,1212,3.45,-9.61,0
655,1/1/2000,0:0:0,52.00,29.70,684,1014,3473,1557,-1372,-70,3.47,-9.63,0
656,1/1/2000,0:0:0,52.00,29.70,575,591,4460,1718,935,-202,3.49,-9.63,0
657,1/1/2000,0:0:0,52.00,29.70,346,185,5025,584,1255,-2480,3.52,-9.63,0
658,1/1/2000,0:0:0,52.00,29.70,149,439,4930,-1205,810,-2064,3.54,-9.63,0
659,1/1/2000,0:0:0,52.00,29.70,294,262,4013,-2646,-630,-742,3.54,-9.62,0
660,1/1/2000,0:0:0,52.00,29.70,248,615,3127,665,-2000,1051,3.54,-9.63,0
661,1/1/2000,0:0:0,52.00,29.70,360,755,3459,594,-3589,754,3.55,-9.66,0
662,1/1/2000,0:0:0,52.00,29.70,573,618,4341,1610,-1109,1534,3.57,-9.70,0
663,1/1/2000,0:0:0,52.00,29.70,285,287,4804,593,-1778,1058,3.58,-9.74,0
664,1/1/2000,0:0:0,55.00,29.70,606,725,3868,93,2225,1868,3.60,-9.76,0
665,1/1/2000,0:0:0,55.00,29.70,283,678,3145,86,-88,1347,3.61,-9.79,0
666,1/1/2000,0:0:0,55.00,29.70,460,864,2999,-36,-202,1124,3.62,-9.81,0
667,1/1/2000,0:0:0,55.00,29.70,762,1057,3071,239,-771,458,3.63,-9.84,0
668,1/1/2000,0:0:0,55.00,29.70,954,884,3648,-119,-324,-594,3.64,-9.86,0
669,1/1/2000,0:0:0,55.00,29.70,668,395,4736,417,-1667,-1202,3.65,-9.89,0
670,1/1/2000,0:0:0,55.00,29.70,1004,323,4404,-316,-366,-1169,3.66,-9.92,0
671,1/1/2000,0:0:0,55.00,29.70,960,82,3868,-1066,555,-848,3.67,-9.95,0
672,1/1/2000,0:0:0,55.00,29.70,787,411,3464,-409,425,-103,3.67,-9.97,0
673,1/1/2000,0:0:0,55.00,29.70,798,586,3038,-406,-168,-276,3.67,-9.98,0
674,1/1/2000,0:0:0,55.00,29.70,986,553,2894,0,-182,-257,3.67,-10.00,0
675,1/1/2000,0:0:0,55.00,29.70,1375,851,3286,-271,-250,-658,3.66,-10.02,0
676,1/1/2000,0:0:0,55.00,29.70,1288,915,4447,-290,971,-634,3.66,-10.03,0
677,1/1/2000,0:0:0,55.00,29.70,846,842,4393,378,155,-80,3.66,-10.04,0
678,1/1/2000,0:0:0,55.00,29.70,-206,63,3952,311,2295,807,3.67,-10.03,0
679,1/1/2000,0:0:0,55.00,29.70,134,749,3684,-488,1019,1634,3.66,-10.02,0
680,1/1/2000,0:0:0,55.00,29.70,312,341,3561,-788,-978,1868,3.66,-10.01,0
681,1/1/2000,0:0:0,55.00,29.70,497,525,3272,-643,174,1645,3.64,-10.01,0
682,1/1/2000,0:0:0,55.00,29.70,544,570,3670,86,525,1092,3.63,-10.00,0
683,1/1/2000,0:0:0,55.00,29.70,760,855,3749,1304,-289,965,3.63,-10.00,0
684,1/1/2000,0:0:0,55.00,29.70,767,592,4445,595,-925,-289,3.63,-10.00,0
685,1/1/2000,0:0:0,55.00,29.70,946,517,4318,1604,-267,-330,3.64,-10.00,0
686,1/1/2000,0:0:0,55.00,29.70,130,-323,4245,414,-1872,-1439,3.65,-10.02,0
687,1/1/2000,0:0:0,55.00,29.70,646,131,3340,-596,1517,-983,3.66,-10.02,0
688,1/1/2000,0:0:0,55.00,29.70,699,214,3808,-435,815,-828,3.67,-10.02,0
689,1/1/2000,0:0:0,55.00,29.70,233,544,3649,9,-1119,-981,3.67,-10.02,0
690,1/1/2000,0:0:0,55.00,29.70,480,589,3029,120,-826,-832,3.68,-10.03,0
691,1/1/2000,0:0:0,63.00,30.00,926,1119,2833,158,1530,-131,3.69,-10.03,0
692,1/1/2000,0:0:0,63.00,30.00,862,538,4364,-407,1709,-338,3.70,-10.01,0
693,1/1/2000,0:0:0,63.00,30.00,556,984,4127,-337,-114,-63,3.70,-10.00,0
694,1/1/2000,0:0:0,63.00,30.00,148,508,4053,-1903,1392,370,3.69,-9.99,0
695,1/1/2000,0:0:0,63.00,30.00,-475,85,3795,-116,383,1584,3.68,-9.97,0
696,1/1/2000,0:0:0,63.00,30.00,-472,62,4144,-1168,-590,1004,3.67,-9.95,0
697,1/1/2000,0:0:0,63.00,30.00,300,374,3889,75,366,1017,3.65,-9.94,0
698,1/1/2000,0:0:0,63.00,30.00,225,598,3555,929,969,819,3.64,-9.92,0
699,1/1/2000,0:0:0,63.00,30.00,-92,756,3714,372,-58,680,3.64,-9.90,0
700,1/1/2000,0:0:0,63.00,30.00,66,773,3648,-23,285,1217,3.63,-9.89,0
701,1/1/2000,0:0:0,63.00,30.00,157,681,3945,103,286,1097,3.62,-9.87,0
702,1/1/2000,0:0:0,63.00,30.00,285,915,3750,649,153,708,3.62,-9.85,0
703,1/1/2000,0:0:0,63.00,30.00,298,1055,3897,194,-514,400,3.62,-9.84,0
704,1/1/2000,0:0:0,63.00,30.00,566,923,4232,562,-1297,-335,3.62,-9.84,0
705,1/1/2000,0:0:0,63.00,30.00,55,425,4011,63,912,-1061,3.63,-9.83,0
706,1/1/2000,0:0:0,63.00,30.00,172,237,3820,383,974,118,3.63,-9.82,0
707,1/1/2000,0:0:0,63.00,30.00,535,250,3690,511,-35,137,3.64,-9.81,0
708,1/1/2000,0:0:0,63.00,30.00,567,375,3603,-105,449,-76,3.65,-9.79,0
709,1/1/2000,0:0:0,63.00,30.00,696,788,3386,-181,537,700,3.66,-9.78,0
710,1/1/2000,0:0:0,63.00,30.00,596,376,3694,-772,-577,924,3.65,-9.77,0
711,1/1/2000,0:0:0,63.00,30.00,988,343,3303,-597,528,238,3.65,-9.75,0
712,1/1/2000,0:0:0,63.00,30.00,1082,589,3729,-506,763,-624,3.64,-9.74,0
713,1/1/2000,0:0:0,63.00,30.00,897,784,4222,197,-234,-1006,3.64,-9.73,0
714,1/1/2000,0:0:0,63.00,30.00,852,643,4197,704,-1536,-300,3.64,-9.72,0
715,1/1/2000,0:0:0,63.00,30.00,1001,730,4211,849,-681,-1125,3.65,-9.73,0
716,1/1/2000,0:0:0,63.00,30.00,-289,317,4387,-451,-1518,-1118,3.66,-9.74,0
717,1/1/2000,0:0:0,63.00,30.00,153,192,3224,789,-120,-412,3.67,-9.75,0
718,1/1/2000,0:0:0,66.00,30.20,-14,784,3132,-787,-371,-1075,3.67,-9.76,0
719,1/1/2000,0:0:0,66.00,30.20,198,822,3191,-1144,-316,-309,3.67,-9.77,0
720,1/1/2000,0:0:0,66.00,30.20,231,728,3609,-1034,79,196,3.67,-9.78,0
721,1/1/2000,0:0:0,66.00,30.20,613,964,3511,191,327,71,3.66,-9.78,0
722,1/1/2000,0:0:0,66.00,30.20,457,981,4024,-323,163,-346,3.66,-9.79,0
723,1/1/2000,0:0:0,66.00,30.20,705,579,4459,574,-222,-1077,3.66,-9.79,0
724,1/1/2000,0:0:0,66.00,30.20,1143,721,4158,861,1220,-1883,3.66,-9.79,0
725,1/1/2000,0:0:0,66.00,30.20,-202,-135,3868,1176,321,-1216,3.68,-9.78,0
726,1/1/2000,0:0:0,66.00,30.20,185,31,3918,-394,85,-843,3.69,-9.77,0
727,1/1/2000,0:0:0,66.00,30.20,735,373,3703,684,843,-1232,3.71,-9.76,0
728,1/1/2000,0:0:0,66.00,30.20,82,660,3454,771,596,-918,3.73,-9.75,0
729,1/1/2000,0:0:0,66.00,30.20,163,633,3603,1,-624,-32,3.75,-9.74,0
730,1/1/2000,0:0:0,66.00,30.20,332,646,3633,-390,-535,423,3.76,-9.73,0
731,1/1/2000,0:0:0,66.00,30.20,610,970,3872,1,366,1080,3.77,-9.72,0
732,1/1/2000,0:0:0,66.00,30.20,124,1063,3674,8,1166,1501,3.78,-9.71,0
733,1/1/2000,0:0:0,66.00,30.20,671,841,4176,253,-831,1934,3.79,-9.70,0
734,1/1/2000,0:0:0,66.00,30.20,-448,73,4914,-64,-808,1199,3.80,-9.70,0
735,1/1/2000,0:0:0,66.00,30.20,-7,593,3124,1135,465,1844,3.81,-9.70,0
736,1/1/2000,0:0:0,66.00,30.20,24,487,3520,-49,523,1270,3.82,-9.69,0
737,1/1/2000,0:0:0,66.00,30.20,180,523,3663,-569,702,527,3.82,-9.69,0
738,1/1/2000,0:0:0,66.00,30.20,231,508,3924,-174,657,-252,3.82,-9.67,0
739,1/1/2000,0:0:0,66.00,30.20,-77,598,3827,-581,178,-778,3.82,-9.66,0
740,1/1/2000,0:0:0,66.00,30.20,83,421,3931,-637,-829,-1547,3.82,-9.65,0
741,1/1/2000,0:0:0,66.00,30.20,188,433,3890,-126,-337,-3215,3.82,-9.64,0
742,1/1/2000,0:0:0,66.00,30.20,43,749,3756,367,-384,-4089,3.83,-9.64,0
743,1/1/2000,0:0:0,66.00,30.20,-21,657,4114,95,-676,-4697,3.84,-9.63,0
744,1/1/2000,0:0:0,66.00,30.20,-332,628,3889,544,-293,-4147,3.86,-9.63,0
745,1/1/2000,0:0:0,67.00,30.50,-291,713,3336,570,-576,-2723,3.88,-9.63,0
746,1/1/2000,0:0:0,67.00,30.50,166,682,3420,-612,-305,-2249,3.90,-9.63,0
747,1/1/2000,0:0:0,67.00,30.50,407,456,3918,-1132,621,-2329,3.91,-9.62,0
748,1/1/2000,0:0:0,67.00,30.50,553,394,4170,-527,162,-2288,3.93,-9.62,0
749,1/1/2000,0:0:0,67.00,30.50,280,633,3673,-152,-216,-2185,3.94,-9.61,0
750,1/1/2000,0:0:0,67.00,30.50,207,703,3802,-820,-443,-2134,3.94,-9.61,0
751,1/1/2000,0:0:0,67.00,30.50,108,681,3963,-287,-294,-1744,3.95,-9.60,0
752,1/1/2000,0:0:0,67.00,30.50,-34,817,3852,-244,-56,-845,3.96,-9.60,0
753,1/1/2000,0:0:0,67.00,30.50,11,714,3938,-357,-369,277,3.96,-9.60,0
754,1/1/2000,0:0:0,67.00,30.50,19,595,3923,-85,-294,1081,3.96,-9.60,0
755,1/1/2000,0:0:0,67.00,30.50,-16,645,3728,-52,-269,1541,3.96,-9.60,0
756,1/1/2000,0:0:0,67.00,30.50,-4,695,3622,-128,-20,1836,3.96,-9.61,0
757,1/1/2000,0:0:0,67.00,30.50,-27,623,3992,-95,307,2049,3.96,-9.61,0
758,1/1/2000,0:0:0,67.00,30.50,121,602,3915,292,222,2311,3.95,-9.61,0
759,1/1/2000,0:0:0,67.00,30.50,178,435,3740,462,-14,2178,3.95,-9.61,0
760,1/1/2000,0:0:0,67.00,30.50,278,243,3942,315,-246,1733,3.95,-9.61,0
761,1/1/2000,0:0:0,67.00,30.50,661,303,3780,766,271,745,3.95,-9.61,0
762,1/1/2000,0:0:0,67.00,30.50,352,613,3948,580,-95,301,3.95,-9.62,0
763,1/1/2000,0:0:0,67.00,30.50,394,627,3742,495,-565,281,3.96,-9.62,0
764,1/1/2000,0:0:0,67.00,30.50,340,674,3566,470,-205,357,3.97,-9.63,0
765,1/1/2000,0:0:0,67.00,30.50,490,776,3580,-86,186,239,3.97,-9.63,0
766,1/1/2000,0:0:0,67.00,30.50,542,662,3792,-151,314,-28,3.98,-9.63,0
767,1/1/2000,0:0:0,67.00,30.50,270,731,3872,-146,522,67,3.99,-9.63,0
768,1/1/2000,0:0:0,67.00,30.50,119,953,3711,-267,627,690,3.99,-9.63,0
769,1/1/2000,0:0:0,67.00,30.50,21,764,3878,-251,155,1209,3.99,-9.62,0
770,1/1/2000,0:0:0,67.00,30.50,114,580,3894,-286,205,1156,3.99,-9.61,0
771,1/1/2000,0:0:0,67.00,30.50,590,349,3814,236,-113,615,3.98,-9.61,0
772,1/1/2000,0:0:0,69.00,30.70,441,439,3874,160,-456,-641,3.98,-9.61,0
773,1/1/2000,0:0:0,69.00,30.70,267,731,3652,0,-382,-536,3.99,-9.61,0
774,1/1/2000,0:0:0,69.00,30.70,95,761,3918,-252,-686,-225,3.98,-9.61,0
775,1/1/2000,0:0:0,69.00,30.70,324,601,3810,26,-362,-324,3.99,-9.62,0
776,1/1/2000,0:0:0,69.00,30.70,398,495,3679,174,20,-574,3.99,-9.62,0
777,1/1/2000,0:0:0,69.00,30.70,490,558,3665,-97,383,-1048,3.99,-9.62,0
778,1/1/2000,0:0:0,69.00,30.70,443,756,3738,-154,15,-993,3.99,-9.62,0
779,1/1/2000,0:0:0,69.00,30.70,144,714,3981,38,-263,-802,4.00,-9.62,0
780,1/1/2000,0:0:0,69.00,30.70,147,811,3739,196,271,-177,4.00,-9.62,0
781,1/1/2000,0:0:0,69.00,30.70,248,833,3791,-67,341,198,4.01,-9.62,0
782,1/1/2000,0:0:0,69.00,30.70,192,715,3841,61,-3,626,4.01,-9.62,0
783,1/1/2000,0:0:0,69.00,30.70,310,637,3707,66,142,547,4.01,-9.61,0
784,1/1/2000,0:0:0,69.00,30.70,364,578,3649,-188,281,227,4.02,-9.61,0
785,1/1/2000,0:0:0,69.00,30.70,240,498,3938,-488,81,23,4.02,-9.60,0
786,1/1/2000,0:0:0,69.00,30.70,568,271,3987,-367,-415,-390,4.01,-9.60,0
787,1/1/2000,0:0:0,69.00,30.70,196,361,3819,-85,349,-785,4.01,-9.60,0
788,1/1/2000,0:0:0,69.00,30.70,120,633,3685,-290,476,-298,4.01,-9.59,0
789,1/1/2000,0:0:0,69.00,30.70,409,371,4005,-591,44,-656,4.00,-9.58,0
790,1/1/2000,0:0:0,69.00,30.70,554,166,4108,-157,-326,-1388,4.00,-9.58,0
791,1/1/2000,0:0:0,69.00,30.70,541,157,3702,171,-803,-2064,4.00,-9.58,0
792,1/1/2000,0:0:0,69.00,30.70,639,108,3751,-61,-698,-3232,4.00,-9.58,0
793,1/1/2000,0:0:0,69.00,30.70,497,176,4026,-114,-713,-4312,4.00,-9.58,0
794,1/1/2000,0:0:0,69.00,30.70,403,346,3755,252,-260,-4811,4.01,-9.59,0
795,1/1/2000,0:0:0,69.00,30.70,118,546,3712,70,-262,-4397,4.03,-9.59,0
796,1/1/2000,0:0:0,69.00,30.70,355,296,3889,98,-234,-4326,4.05,-9.59,0
797,1/1/2000,0:0:0,69.00,30.70,514,206,3876,565,107,-4515,4.07,-9.59,0
798,1/1/2000,0:0:0,69.00,30.70,319,302,3898,191,-871,-4299,4.10,-9.59,0
799,1/1/2000,0:0:0,70.00,31.10,616,571,3851,-298,-1642,-3543,4.13,-9.60,0
800,1/1/2000,0:0:0,70.00,31.10,374,560,4387,-648,-2128,-2690,4.15,-9.62,0
801,1/1/2000,0:0:0,70.00,31.10,-33,761,3990,-410,-1909,-1913,4.17,-9.65,0
802,1/1/2000,0:0:0,70.00,31.10,370,1026,3092,-213,-912,-1157,4.19,-9.68,0
803,1/1/2000,0:0:0,70.00,31.10,228,657,3660,-830,-737,-1734,4.21,-9.71,0
804,1/1/2000,0:0:0,70.00,31.10,283,692,3932,-546,-334,-2098,4.22,-9.74,0
805,1/1/2000,0:0:0,70.00,31.10,300,902,3792,-125,-129,-2513,4.23,-9.76,0
806,1/1/2000,0:0:0,70.00,31.10,186,782,3919,-242,-180,-2972,4.24,-9.79,0
807,1/1/2000,0:0:0,70.00,31.10,367,753,3766,-232,-433,-3380,4.26,-9.81,0
808,1/1/2000,0:0:0,70.00,31.10,387,786,3777,-330,-807,-3714,4.28,-9.83,0
809,1/1/2000,0:0:0,70.00,31.10,410,877,3669,-523,-901,-3675,4.29,-9.85,0
810,1/1/2000,0:0:0,70.00,31.10,475,1085,3498,-968,-562,-3462,4.30,-9.87,0
811,1/1/2000,0:0:0,70.00,31.10,505,1193,3574,-1140,-278,-2760,4.31,-9.90,0
812,1/1/2000,0:0:0,70.00,31.10,592,1048,3750,-1013,53,-2180,4.31,-9.91,0
813,1/1/2000,0:0:0,70.00,31.10,714,1065,3769,-483,79,-1955,4.32,-9.93,0
814,1/1/2000,0:0:0,70.00,31.10,780,1083,3687,-217,-261,-1677,4.32,-9.94,0
815,1/1/2000,0:0:0,70.00,31.10,765,1022,3965,21,-636,-1086,4.32,-9.96,0
816,1/1/2000,0:0:0,70.00,31.10,772,840,3894,-490,142,-771,4.33,-9.97,0
817,1/1/2000,0:0:0,70.00,31.10,43,328,4218,-111,-824,-482,4.33,-9.98,0
818,1/1/2000,0:0:0,70.00,31.10,184,616,3797,48,-398,-487,4.33,-10.00,0
819,1/1/2000,0:0:0,70.00,31.10,65,728,3738,-87,389,269,4.33,-10.01,0
820,1/1/2000,0:0:0,70.00,31.10,286,465,4015,-29,212,774,4.33,-10.02,0
821,1/1/2000,0:0:0,70.00,31.10,489,712,3632,726,585,1401,4.34,-10.03,0
822,1/1/2000,0:0:0,70.00,31.10,161,677,3624,370,-43,2272,4.34,-10.03,0
823,1/1/2000,0:0:0,70.00,31.10,519,586,3585,147,240,2815,4.34,-10.04,0
824,1/1/2000,0:0:0,70.00,31.10,640,557,3779,415,510,2859,4.34,-10.04,0
825,1/1/2000,0:0:0,70.00,31.10,632,531,3627,252,294,2756,4.34,-10.05,0
826,1/1/2000,0:0:0,71.00,31.50,872,819,3629,147,759,2884,4.34,-10.04,0
827,1/1/2000,0:0:0,71.00,31.50,585,842,4037,382,367,2687,4.34,-10.04,0
828,1/1/2000,0:0:0,71.00,31.50,722,729,3937,924,-136,3231,4.34,-10.04,0
829,1/1/2000,0:0:0,71.00,31.50,929,690,3857,881,-154,2776,4.34,-10.04,0
830,1/1/2000,0:0:0,71.00,31.50,538,773,3822,754,-288,2126,4.34,-10.05,0
831,1/1/2000,0:0:0,71.00,31.50,281,770,3796,623,236,2430,4.35,-10.05,0
832,1/1/2000,0:0:0,71.00,31.50,204,589,3770,706,264,2641,4.36,-10.06,0
833,1/1/2000,0:0:0,71.00,31.50,-11,650,3622,738,358,3342,4.37,-10.06,0
834,1/1/2000,0:0:0,71.00,31.50,238,616,3424,356,1121,3939,4.37,-10.05,0
835,1/1/2000,0:0:0,71.00,31.50,508,370,3876,-560,2467,3403,4.37,-10.04,0
836,1/1/2000,0:0:0,71.00,31.50,549,346,4118,166,1445,2381,4.36,-10.01,0
837,1/1/2000,0:0:0,71.00,31.50,283,501,3967,640,404,2177,4.36,-9.99,0
838,1/1/2000,0:0:0,71.00,31.50,174,523,3874,292,-500,1832,4.36,-9.98,0
839,1/1/2000,0:0:0,71.00,31.50,360,466,3935,338,-22,1230,4.36,-9.96,0
840,1/1/2000,0:0:0,71.00,31.50,555,560,3730,582,203,521,4.36,-9.95,0
841,1/1/2000,0:0:0,71.00,31.50,373,620,3809,90,-56,217,4.37,-9.93,0
842,1/1/2000,0:0:0,71.00,31.50,515,554,3949,-8,-299,247,4.37,-9.93,0
843,1/1/2000,0:0:0,71.00,31.50,453,538,3797,396,-333,195,4.38,-9.92,0
844,1/1/2000,0:0:0,71.00,31.50,505,639,3590,72,-242,141,4.38,-9.91,0
845,1/1/2000,0:0:0,71.00,31.50,577,589,3713,-119,-21,78,4.38,-9.91,0
846,1/1/2000,0:0:0,71.00,31.50,560,610,3864,-98,3,119,4.39,-9.91,0
847,1/1/2000,0:0:0,71.00,31.50,602,648,3720,-54,95,154,4.39,-9.90,0
848,1/1/2000,0:0:0,71.00,31.50,537,704,3770,-8,43,108,4.39,-9.90,0
849,1/1/2000,0:0:0,71.00,31.50,495,646,3784,40,-87,202,4.39,-9.90,0
850,1/1/2000,0:0:0,71.00,31.50,563,637,3777,73,66,126,4.39,-9.89,0
851,1/1/2000,0:0:0,71.00,31.50,575,652,3796,121,-46,78,4.40,-9.89,0
852,1/1/2000,0:0:0,71.00,31.50,550,714,3706,76,-45,60,4.40,-9.89,0
853,1/1/2000,0:0:0,70.00,31.70,583,716,3745,-27,176,91,4.40,-9.89,0
854,1/1/2000,0:0:0,70.00,31.70,603,654,3844,-40,110,55,4.41,-9.89,0
855,1/1/2000,0:0:0,70.00,31.70,568,683,3808,-92,51,8,4.41,-9.88,0
856,1/1/2000,0:0:0,70.00,31.70,584,689,3778,-24,7,48,4.41,-9.88,0
857,1/1/2000,0:0:0,70.00,31.70,521,678,3784,-81,-5,35,4.41,-9.88,0
858,1/1/2000,0:0:0,70.00,31.70,613,699,3772,-60,-53,32,4.41,-9.87,0
859,1/1/2000,0:0:0,70.00,31.70,542,677,3795,133,-36,3,4.42,-9.87,0
860,1/1/2000,0:0:0,70.00,31.70,568,704,3732,-29,-141,34,4.42,-9.87,0
861,1/1/2000,0:0:0,70.00,31.70,616,702,3744,126,-106,38,4.42,-9.87,0
862,1/1/2000,0:0:0,70.00,31.70,574,695,3753,122,-122,41,4.42,-9.87,0
863,1/1/2000,0:0:0,70.00,31.70,628,722,3722,84,83,10,4.43,-9.87,0
864,1/1/2000,0:0:0,70.00,31.70,564,696,3763,39,-199,-6,4.43,-9.87,0
865,1/1/2000,0:0:0,70.00,31.70,573,677,3816,-101,47,-11,4.43,-9.87,0
866,1/1/2000,0:0:0,70.00,31.70,673,701,3722,66,69,60,4.44,-9.88,0
867,1/1/2000,0:0:0,70.00,31.70,614,697,3822,-10,-27,-16,4.44,-9.88,0
868,1/1/2000,0:0:0,70.00,31.70,585,714,3707,8,29,13,4.44,-9.88,0
869,1/1/2000,0:0:0,70.00,31.70,569,672,3785,44,-3,46,4.45,-9.88,0
870,1/1/2000,0:0:0,70.00,31.70,590,686,3805,1,30,-16,4.45,-9.88,0
871,1/1/2000,0:0:0,70.00,31.70,583,701,3763,103,20,38,4.45,-9.88,0
872,1/1/2000,0:0:0,70.00,31.70,612,737,3741,145,10,56,4.46,-9.87,0
873,1/1/2000,0:0:0,70.00,31.70,580,730,3697,42,-130,130,4.46,-9.88,0
874,1/1/2000,0:0:0,70.00,31.70,600,702,3768,52,-48,77,4.47,-9.88,0
875,1/1/2000,0:0:0,70.00,31.70,632,696,3694,52,93,8,4.47,-9.88,0
876,1/1/2000,0:0:0,70.00,31.70,601,713,3797,-33,-74,-28,4.48,-9.88,0
877,1/1/2000,0:0:0,70.00,31.70,579,703,3787,-50,-23,-82,4.48,-9.88,0
878,1/1/2000,0:0:0,70.00,31.70,614,762,3729,76,300,-26,4.48,-9.88,0
879,1/1/2000,0:0:0,70.00,31.70,576,743,3778,-46,-78,9,4.49,-9.88,0
880,1/1/2000,0:0:0,70.00,31.70,606,711,3766,-37,-2,-54,4.49,-9.87,0
881,1/1/2000,0:0:0,70.00,31.70,564,723,3761,24,-70,-54,4.49,-9.87,0
882,1/1/2000,0:0:0,69.00,32.10,547,707,3878,-44,33,-74,4.50,-9.87,0
883,1/1/2000,0:0:0,69.00,32.10,636,710,3764,78,62,13,4.50,-9.87,0
884,1/1/2000,0:0:0,69.00,32.10,551,737,3827,35,-46,16,4.50,-9.87,0
885,1/1/2000,0:0:0,69.00,32.10,544,736,3747,-33,123,76,4.51,-9.87,0
886,1/1/2000,0:0:0,69.00,32.10,562,690,3726,51,119,103,4.51,-9.87,0
887,1/1/2000,0:0:0,69.00,32.10,560,699,3848,-12,5,64,4.51,-9.87,0
888,1/1/2000,0:0:0,69.00,32.10,579,686,3739,45,39,93,4.52,-9.86,0
889,1/1/2000,0:0:0,69.00,32.10,519,724,3773,41,-7,110,4.52,-9.86,0
890,1/1/2000,0:0:0,69.00,32.10,615,730,3720,41,53,70,4.52,-9.86,0
891,1/1/2000,0:0:0,69.00,32.10,572,707,3779,16,-102,48,4.53,-9.86,0
892,1/1/2000,0:0:0,69.00,32.10,593,703,3717,56,118,-43,4.53,-9.86,0
893,1/1/2000,0:0:0,69.00,32.10,538,728,3770,-5,-3,-56,4.53,-9.86,0
894,1/1/2000,0:0:0,69.00,32.10,524,722,3831,-11,29,-21,4.54,-9.85,0
895,1/1/2000,0:0:0,69.00,32.10,618,737,3741,108,33,16,4.54,-9.85,0
896,1/1/2000,0:0:0,69.00,32.10,543,730,3792,15,-126,2,4.55,-9.85,0
897,1/1/2000,0:0:0,69.00,32.10,615,712,3691,14,72,7,4.55,-9.85,0
898,1/1/2000,0:0:0,69.00,32.10,586,705,3760,-26,6,-71,4.55,-9.85,0
899,1/1/2000,0:0:0,69.00,32.10,521,716,3800,-168,140,-154,4.56,-9.85,0
900,1/1/2000,0:0:0,69.00,32.10,589,728,3817,-34,175,-99,4.56,-9.84,0
901,1/1/2000,0:0:0,69.00,32.10,571,702,3919,125,-11,-123,4.56,-9.84,0
902,1/1/2000,0:0:0,69.00,32.10,442,793,3712,50,232,-81,4.57,-9.84,0
903,1/1/2000,0:0:0,69.00,32.10,504,791,3846,63,-15,65,4.57,-9.83,0
904,1/1/2000,0:0:0,69.00,32.10,410,780,3885,140,-180,223,4.57,-9.83,0
905,1/1/2000,0:0:0,69.00,32.10,442,698,3845,388,-426,460,4.58,-9.83,0
906,1/1/2000,0:0:0,69.00,32.10,662,739,3557,499,122,462,4.59,-9.83,0
907,1/1/2000,0:0:0,69.00,32.10,710,803,3667,23,-85,164,4.60,-9.83,0
908,1/1/2000,0:0:0,69.00,32.10,537,760,3705,38,276,145,4.60,-9.83,0
909,1/1/2000,0:0:0,69.00,32.10,516,736,3726,-65,249,152,4.61,-9.83,0
910,1/1/2000,0:0:0,69.00,32.40,647,797,3744,-183,425,3,4.61,-9.82,0
911,1/1/2000,0:0:0,69.00,32.40,578,787,3764,-176,347,59,4.62,-9.82,0
912,1/1/2000,0:0:0,69.00,32.40,427,759,3913,-336,-95,65,4.62,-9.81,0
913,1/1/2000,0:0:0,69.00,32.40,499,682,3903,129,-73,81,4.62,-9.81,0
914,1/1/2000,0:0:0,69.00,32.40,543,730,3853,397,21,58,4.63,-9.80,0
915,1/1/2000,0:0:0,69.00,32.40,594,860,3685,260,-227,-48,4.63,-9.80,0
916,1/1/2000,0:0:0,69.00,32.40,441,854,3720,202,-164,121,4.64,-9.80,0
917,1/1/2000,0:0:0,69.00,32.40,441,952,3767,304,119,236,4.65,-9.80,0
918,1/1/2000,0:0:0,69.00,32.40,201,1041,3698,608,228,1009,4.66,-9.79,0
919,1/1/2000,0:0:0,69.00,32.40,267,1141,3396,278,1031,1815,4.67,-9.79,0
920,1/1/2000,0:0:0,69.00,32.40,357,1174,3762,-201,667,2169,4.67,-9.78,0
921,1/1/2000,0:0:0,69.00,32.40,57,1190,3610,628,666,2678,4.68,-9.76,0
922,1/1/2000,0:0:0,69.00,32.40,-1,1109,3941,-55,1229,3341,4.68,-9.75,0
923,1/1/2000,0:0:0,69.00,32.40,420,844,3936,353,878,3611,4.68,-9.73,0
924,1/1/2000,0:0:0,69.00,32.40,549,820,3912,808,878,3015,4.69,-9.71,0
925,1/1/2000,0:0:0,69.00,32.40,143,1017,3657,390,428,2739,4.69,-9.68,0
926,1/1/2000,0:0:0,69.00,32.40,200,972,3646,211,354,2744,4.69,-9.66,0
927,1/1/2000,0:0:0,69.00,32.40,417,965,3774,375,382,2263,4.69,-9.65,0
928,1/1/2000,0:0:0,69.00,32.40,588,904,3821,272,-121,1305,4.70,-9.63,0
929,1/1/2000,0:0:0,69.00,32.40,369,745,3953,209,40,475,4.70,-9.62,0
930,1/1/2000,0:0:0,69.00,32.40,402,851,3547,735,64,435,4.71,-9.60,0
931,1/1/2000,0:0:0,69.00,32.40,319,828,3612,-64,-272,232,4.71,-9.59,0
932,1/1/2000,0:0:0,69.00,32.40,387,748,3827,134,-4,49,4.72,-9.58,0
933,1/1/2000,0:0:0,69.00,32.40,281,950,3683,650,444,353,4.73,-9.57,0
934,1/1/2000,0:0:0,69.00,32.40,307,850,3701,322,128,868,4.74,-9.56,0
935,1/1/2000,0:0:0,69.00,32.40,600,714,3671,124,520,1195,4.75,-9.55,0
936,1/1/2000,0:0:0,69.00,32.40,853,643,3764,-227,311,855,4.75,-9.54,0
937,1/1/2000,0:0:0,68.00,32.70,719,647,3877,-306,222,525,4.76,-9.52,0
938,1/1/2000,0:0:0,68.00,32.70,783,680,3686,-342,-3,374,4.76,-9.51,0
939,1/1/2000,0:0:0,68.00,32.70,683,618,3809,-477,-360,249,4.76,-9.51,0
940,1/1/2000,0:0:0,68.00,32.70,521,687,4028,-342,-196,132,4.75,-9.50,0
941,1/1/2000,0:0:0,68.00,32.70,655,673,3754,142,-376,421,4.75,-9.50,0
942,1/1/2000,0:0:0,68.00,32.70,735,736,3719,-42,-446,255,4.75,-9.50,0
943,1/1/2000,0:0:0,68.00,32.70,602,741,3801,-349,-561,215,4.74,-9.50,0
944,1/1/2000,0:0:0,68.00,32.70,548,822,3667,-25,-496,227,4.74,-9.51,0
945,1/1/2000,0:0:0,68.00,32.70,465,855,3635,-48,-27,394,4.73,-9.52,0
946,1/1/2000,0:0:0,68.00,32.70,587,824,3742,-219,-47,275,4.73,-9.52,0
947,1/1/2000,0:0:0,68.00,32.70,659,789,3886,-10,-88,24,4.72,-9.53,0
948,1/1/2000,0:0:0,68.00,32.70,595,844,3705,220,-155,13,4.72,-9.54,0
949,1/1/2000,0:0:0,68.00,32.70,513,828,3564,7,-159,297,4.72,-9.54,0
950,1/1/2000,0:0:0,68.00,32.70,690,754,3765,-355,130,10,4.72,-9.55,0
951,1/1/2000,0:0:0,68.00,32.70,691,788,3851,11,206,-310,4.71,-9.55,0
952,1/1/2000,0:0:0,68.00,32.70,512,917,3840,435,400,106,4.71,-9.55,0
953,1/1/2000,0:0:0,68.00,32.70,524,704,3655,454,-307,-173,4.72,-9.56,0
954,1/1/2000,0:0:0,68.00,32.70,574,904,3490,13,366,-453,4.72,-9.55,0
955,1/1/2000,0:0:0,68.00,32.70,552,911,3760,-338,280,-438,4.72,-9.55,0
956,1/1/2000,0:0:0,68.00,32.70,482,828,4005,-114,211,-299,4.73,-9.55,0
957,1/1/2000,0:0:0,68.00,32.70,470,897,3790,98,228,-98,4.73,-9.54,0
958,1/1/2000,0:0:0,68.00,32.70,582,882,3659,11,-65,5,4.73,-9.54,0
959,1/1/2000,0:0:0,68.00,32.70,522,872,3828,-74,-73,-3,4.73,-9.54,0
960,1/1/2000,0:0:0,68.00,32.70,513,809,3740,0,-7,-84,4.74,-9.53,0
961,1/1/2000,0:0:0,68.00,32.70,522,794,3731,-40,-68,-237,4.74,-9.53,0
962,1/1/2000,0:0:0,68.00,32.70,434,789,3775,-83,-28,-238,4.74,-9.53,0
963,1/1/2000,0:0:0,68.00,32.70,503,851,3708,22,23,-88,4.74,-9.53,0
964,1/1/2000,0:0:0,68.00,32.70,599,753,3820,-25,23,-216,4.75,-9.52,0
965,1/1/2000,0:0:0,68.00,33.10,543,744,3681,61,5,-371,4.75,-9.52,0
966,1/1/2000,0:0:0,68.00,33.10,434,840,3751,-96,-255,-396,4.75,-9.52,0
967,1/1/2000,0:0:0,68.00,33.10,536,866,3708,-99,84,-244,4.76,-9.52,0
968,1/1/2000,0:0:0,68.00,33.10,517,814,3806,73,94,-303,4.76,-9.52,0
969,1/1/2000,0:0:0,68.00,33.10,521,844,3785,96,-100,-218,4.76,-9.52,0
970,1/1/2000,0:0:0,68.00,33.10,503,869,3731,4,-116,-39,4.77,-9.52,0
971,1/1/2000,0:0:0,68.00,33.10,475,813,3752,30,47,52,4.77,-9.51,0
972,1/1/2000,0:0:0,68.00,33.10,565,855,3646,49,325,91,4.78,-9.51,0
973,1/1/2000,0:0:0,68.00,33.10,503,814,3803,-140,-203,39,4.78,-9.51,0
974,1/1/2000,0:0:0,68.00,33.10,535,789,3848,62,177,0,4.79,-9.51,0
975,1/1/2000,0:0:0,68.00,33.10,542,830,3753,183,-29,12,4.79,-9.51,0
976,1/1/2000,0:0:0,68.00,33.10,575,849,3714,48,-64,-60,4.79,-9.50,0
977,1/1/2000,0:0:0,68.00,33.10,546,856,3720,38,-46,-109,4.80,-9.50,0
978,1/1/2000,0:0:0,68.00,33.10,438,815,3701,-94,130,-42,4.80,-9.50,0
979,1/1/2000,0:0:0,68.00,33.10,552,1004,3393,-573,942,202,4.81,-9.49,0
980,1/1/2000,0:0:0,68.00,33.10,479,813,4166,-845,-358,99,4.80,-9.49,0
981,1/1/2000,0:0:0,68.00,33.10,398,647,4139,38,-354,201,4.80,-9.49,0
982,1/1/2000,0:0:0,68.00,33.10,401,649,3816,744,-291,294,4.80,-9.49,0
983,1/1/2000,0:0:0,68.00,33.10,559,756,3611,438,-327,125,4.80,-9.49,0
984,1/1/2000,0:0:0,68.00,33.10,675,690,3737,-4,-598,-120,4.81,-9.49,0
985,1/1/2000,0:0:0,68.00,33.10,528,800,3683,130,-144,-282,4.81,-9.50,0
986,1/1/2000,0:0:0,68.00,33.10,500,894,3736,-41,-282,-73,4.81,-9.51,0
987,1/1/2000,0:0:0,68.00,33.10,659,783,3694,-90,-192,-147,4.82,-9.51,0
988,1/1/2000,0:0:0,68.00,33.10,620,768,3804,-276,-296,-263,4.82,-9.52,0
989,1/1/2000,0:0:0,68.00,33.10,633,809,3634,21,15,-289,4.82,-9.53,0
990,1/1/2000,0:0:0,68.00,33.10,560,766,3647,-68,22,-226,4.83,-9.53,0
991,1/1/2000,0:0:0,68.00,33.10,713,829,3571,-309,233,-335,4.83,-9.54,0
992,1/1/2000,0:0:0,68.00,33.10,625,728,3902,-478,-381,-576,4.83,-9.54,0
993,1/1/2000,0:0:0,67.00,33.40,342,760,3894,-41,57,-299,4.83,-9.55,0
994,1/1/2000,0:0:0,67.00,33.40,546,847,3836,124,391,192,4.83,-9.55,0
995,1/1/2000,0:0:0,67.00,33.40,856,641,3808,137,-541,105,4.83,-9.55,0
996,1/1/2000,0:0:0,67.00,33.40,346,844,3586,-24,36,192,4.83,-9.56,0
997,1/1/2000,0:0:0,67.00,33.40,615,771,3754,-279,224,437,4.83,-9.56,0
998,1/1/2000,0:0:0,67.00,33.40,598,919,3707,173,877,428,4.83,-9.56,0
999,1/1/2000,0:0:0,67.00,33.40,287,834,3948,91,209,1034,4.83,-9.55,0
1000,1/1/2000,0:0:0,67.00,33.40,711,521,3891,135,-21,1076,4.83,-9.55,0
1001,1/1/2000,0:0:0,67.00,33.40,957,598,3635,204,194,544,4.83,-9.55,0
1002,1/1/2000,0:0:0,67.00,33.40,711,556,3772,-5,-129,-208,4.83,-9.55,0
1003,1/1/2000,0:0:0,67.00,33.40,484,829,3667,122,99,-448,4.83,-9.54,0
1004,1/1/2000,0:0:0,67.00,33.40,306,892,3814,112,159,-41,4.83,-9.54,0
1005,1/1/2000,0:0:0,67.00,33.40,519,813,3858,249,-296,343,4.84,-9.54,0
1006,1/1/2000,0:0:0,67.00,33.40,582,727,3638,218,-468,364,4.84,-9.54,0
1007,1/1/2000,0:0:0,67.00,33.40,714,753,3641,128,89,186,4.85,-9.54,0
1008,1/1/2000,0:0:0,67.00,33.40,593,768,3821,-265,57,130,4.85,-9.54,0
1009,1/1/2000,0:0:0,67.00,33.40,720,754,3775,-229,145,69,4.85,-9.54,0
1010,1/1/2000,0:0:0,67.00,33.40,594,730,3810,-32,52,9,4.86,-9.54,0
1011,1/1/2000,0:0:0,67.00,33.40,661,777,3776,-194,-184,-65,4.86,-9.54,0
1012,1/1/2000,0:0:0,67.00,33.40,664,790,3717,-60,-83,-269,4.86,-9.54,0
1013,1/1/2000,0:0:0,67.00,33.40,550,763,3715,-126,1,-267,4.86,-9.54,0
1014,1/1/2000,0:0:0,67.00,33.40,731,719,3709,-206,-6,-287,4.86,-9.54,0
1015,1/1/2000,0:0:0,67.00,33.40,662,742,3702,-108,218,-369,4.86,-9.54,0
1016,1/1/2000,0:0:0,67.00,33.40,606,764,3750,-224,186,-222,4.86,-9.54,0
1017,1/1/2000,0:0:0,67.00,33.40,664,707,3838,-194,-247,-118,4.85,-9.54,0
1018,1/1/2000,0:0:0,67.00,33.40,501,659,3851,-102,-269,-192,4.85,-9.54,0
1019,1/1/2000,0:0:0,67.00,33.40,552,707,3787,-8,254,-202,4.85,-9.54,0
1020,1/1/2000,0:0:0,66.00,33.70,606,709,3757,28,94,10,4.85,-9.54,0
1021,1/1/2000,0:0:0,66.00,33.70,602,650,3849,51,-128,46,4.85,-9.54,0
1022,1/1/2000,0:0:0,66.00,33.70,528,723,3703,5,-114,97,4.85,-9.54,0
1023,1/1/2000,0:0:0,66.00,33.70,601,615,3727,-124,-199,152,4.85,-9.54,0
1024,1/1/2000,0:0:0,66.00,33.70,685,577,3852,-38,-170,12,4.85,-9.54,0
1025,1/1/2000,0:0:0,66.00,33.70,741,626,3737,-23,-125,-140,4.85,-9.55,0
1026,1/1/2000,0:0:0,66.00,33.70,705,627,3760,-88,-149,-371,4.85,-9.55,0
1027,1/1/2000,0:0:0,66.00,33.70,655,645,3820,-163,-32,-382,4.84,-9.55,0
1028,1/1/2000,0:0:0,66.00,33.70,600,687,3689,-63,66,-349,4.84,-9.55,0
1029,1/1/2000,0:0:0,66.00,33.70,614,649,3791,-107,-26,-294,4.84,-9.56,0
1030,1/1/2000,0:0:0,66.00,33.70,666,675,3776,34,-29,-206,4.84,-9.56,0
1031,1/1/2000,0:0:0,66.00,33.70,633,738,3655,-46,99,-179,4.84,-9.56,0
1032,1/1/2000,0:0:0,66.00,33.70,622,672,3806,-103,-106,50,4.84,-9.56,0
1033,1/1/2000,0:0:0,66.00,33.70,657,664,3792,-93,-37,30,4.84,-9.56,0
1034,1/1/2000,0:0:0,66.00,33.70,644,659,3754,-39,-64,73,4.84,-9.56,0
1035,1/1/2000,0:0:0,66.00,33.70,668,614,3733,-43,59,60,4.84,-9.57,0
1036,1/1/2000,0:0:0,66.00,33.70,701,629,3766,-109,79,-20,4.84,-9.57,0
1037,1/1/2000,0:0:0,66.00,33.70,659,581,3851,-131,-45,-82,4.84,-9.57,0
1038,1/1/2000,0:0:0,66.00,33.70,661,604,3835,-28,-13,-114,4.84,-9.57,0
1039,1/1/2000,0:0:0,66.00,33.70,630,598,3738,-120,4,-150,4.84,-9.57,0
1040,1/1/2000,0:0:0,66.00,33.70,672,633,3770,-27,47,-107,4.83,-9.57,0
1041,1/1/2000,0:0:0,66.00,33.70,619,555,3856,-66,-23,-153,4.83,-9.57,0
1042,1/1/2000,0:0:0,66.00,33.70,673,637,3755,3,-32,-94,4.83,-9.57,0
1043,1/1/2000,0:0:0,66.00,33.70,676,626,3757,-12,-124,-17,4.83,-9.57,0
1044,1/1/2000,0:0:0,66.00,33.70,659,581,3812,-9,-21,-69,4.83,-9.57,0
1045,1/1/2000,0:0:0,66.00,33.70,661,587,3761,-31,35,-122,4.83,-9.57,0
1046,1/1/2000,0:0:0,66.00,33.70,616,585,3755,-138,81,-103,4.83,-9.57,0
1047,1/1/2000,0:0:0,63.00,34.00,570,592,3841,-142,10,-8,4.83,-9.57,0
1048,1/1/2000,0:0:0,63.00,34.00,669,610,3785,-65,123,48,4.83,-9.57,0
1049,1/1/2000,0:0:0,63.00,34.00,655,539,3778,10,18,35,4.82,-9.57,0
1050,1/1/2000,0:0:0,63.00,34.00,637,580,3807,-93,-48,-34,4.82,-9.57,0
1051,1/1/2000,0:0:0,63.00,34.00,631,537,3734,-75,67,-35,4.82,-9.57,0
1052,1/1/2000,0:0:0,63.00,34.00,601,541,3833,22,-76,-22,4.82,-9.57,0
1053,1/1/2000,0:0:0,63.00,34.00,619,544,3760,48,27,3,4.82,-9.57,0
1054,1/1/2000,0:0:0,63.00,34.00,624,541,3716,8,28,-33,4.82,-9.57,0
1055,1/1/2000,0:0:0,63.00,34.00,588,492,3856,-40,-95,-86,4.82,-9.57,0
1056,1/1/2000,0:0:0,63.00,34.00,618,570,3768,16,15,-71,4.82,-9.57,0
1057,1/1/2000,0:0:0,63.00,34.00,622,546,3796,44,-21,-60,4.82,-9.57,0
1058,1/1/2000,0:0:0,63.00,34.00,586,561,3830,17,15,-17,4.82,-9.57,0
1059,1/1/2000,0:0:0,63.00,34.00,625,584,3714,40,93,37,4.82,-9.57,0
1060,1/1/2000,0:0:0,63.00,34.00,655,551,3779,-10,-3,-9,4.82,-9.57,0
1061,1/1/2000,0:0:0,63.00,34.00,592,561,3791,2,-6,-3,4.82,-9.57,0
1062,1/1/2000,0:0:0,63.00,34.00,623,539,3765,29,29,-31,4.82,-9.57,0
1063,1/1/2000,0:0:0,63.00,34.00,589,539,3843,-41,-55,-37,4.82,-9.57,0
1064,1/1/2000,0:0:0,63.00,34.00,651,568,3742,-20,51,-45,4.83,-9.57,0
1065,1/1/2000,0:0:0,63.00,34.00,610,536,3863,43,-96,-119,4.83,-9.57,0
1066,1/1/2000,0:0:0,63.00,34.00,585,611,3822,-23,-64,-74,4.83,-9.57,0
1067,1/1/2000,0:0:0,63.00,34.00,637,572,3715,24,4,29,4.83,-9.57,0
1068,1/1/2000,0:0:0,63.00,34.00,608,557,3904,19,-10,-10,4.83,-9.57,0
1069,1/1/2000,0:0:0,63.00,34.00,619,575,3769,40,11,2,4.83,-9.57,0
1070,1/1/2000,0:0:0,63.00,34.00,646,566,3779,-2,-77,-16,4.84,-9.57,0
1071,1/1/2000,0:0:0,63.00,34.00,577,529,3861,-84,21,-27,4.84,-9.57,0
1072,1/1/2000,0:0:0,63.00,34.00,656,549,3794,-11,74,38,4.84,-9.57,0
1073,1/1/2000,0:0:0,63.00,34.00,624,520,3832,3,6,-61,4.84,-9.57,0
1074,1/1/2000,0:0:0,63.00,34.00,600,566,3757,-85,-83,-75,4.84,-9.57,0
1075,1/1/2000,0:0:0,62.00,34.30,610,561,3796,-16,-36,-1,4.84,-9.57,0
1076,1/1/2000,0:0:0,62.00,34.30,591,545,3838,16,17,-8,4.84,-9.57,0
1077,1/1/2000,0:0:0,62.00,34.30,642,547,3774,52,-26,44,4.84,-9.57,0
1078,1/1/2000,0:0:0,62.00,34.30,663,566,3739,5,3,1,4.84,-9.57,0
1079,1/1/2000,0:0:0,62.00,34.30,639,581,3812,-33,11,-35,4.84,-9.57,0
1080,1/1/2000,0:0:0,62.00,34.30,607,542,3763,14,-56,-15,4.85,-9.57,0
1081,1/1/2000,0:0:0,62.00,34.30,633,537,3825,-11,-34,-49,4.85,-9.57,0
1082,1/1/2000,0:0:0,62.00,34.30,671,578,3721,79,-75,-43,4.85,-9.57,0
1083,1/1/2000,0:0:0,62.00,34.30,568,550,3794,-2,-52,3,4.85,-9.57,0
1084,1/1/2000,0:0:0,62.00,34.30,657,554,3799,-11,72,5,4.85,-9.57,0
1085,1/1/2000,0:0:0,62.00,34.30,652,521,3818,19,-12,-49,4.85,-9.57,0
1086,1/1/2000,0:0:0,62.00,34.30,628,550,3775,36,-6,-66,4.86,-9.57,0
1087,1/1/2000,0:0:0,62.00,34.30,618,572,3736,14,-24,-17,4.86,-9.57,0
1088,1/1/2000,0:0:0,62.00,34.30,594,543,3782,56,43,0,4.86,-9.57,0
1089,1/1/2000,0:0:0,62.00,34.30,598,558,3782,-38,-51,31,4.86,-9.57,0
1090,1/1/2000,0:0:0,62.00,34.30,644,563,3798,-46,77,2,4.86,-9.57,0
1091,1/1/2000,0:0:0,62.00,34.30,598,530,3849,29,-28,-2,4.87,-9.58,0
1092,1/1/2000,0:0:0,62.00,34.30,572,567,3788,1,-21,13,4.87,-9.58,0
1093,1/1/2000,0:0:0,62.00,34.30,631,571,3760,8,54,56,4.87,-9.58,0
1094,1/1/2000,0:0:0,62.00,34.30,579,551,3848,0,-6,78,4.87,-9.58,0
1095,1/1/2000,0:0:0,62.00,34.30,637,548,3780,73,52,127,4.87,-9.57,0
1096,1/1/2000,0:0:0,62.00,34.30,627,539,3761,5,-41,75,4.87,-9.57,0
1097,1/1/2000,0:0:0,62.00,34.30,660,533,3752,48,99,20,4.88,-9.57,0
1098,1/1/2000,0:0:0,62.00,34.30,617,533,3812,-25,-139,-21,4.88,-9.57,0
1099,1/1/2000,0:0:0,62.00,34.30,630,538,3831,-7,-40,-62,4.88,-9.58,0
1100,1/1/2000,0:0:0,62.00,34.30,621,561,3780,62,-151,-96,4.88,-9.58,0
1101,1/1/2000,0:0:0,62.00,34.30,555,578,3763,-4,-2,-23,4.88,-9.58,0
1102,1/1/2000,0:0:0,62.00,34.30,685,564,3749,-11,74,43,4.89,-9.58,0
1103,1/1/2000,0:0:0,60.00,34.60,643,540,3802,5,-33,-22,4.89,-9.58,0
1104,1/1/2000,0:0:0,60.00,34.60,601,547,3770,-73,13,1,4.89,-9.58,0
1105,1/1/2000,0:0:0,60.00,34.60,620,562,3753,-38,22,9,4.89,-9.58,0
1106,1/1/2000,0:0:0,60.00,34.60,584,510,3879,71,-99,-14,4.89,-9.58,0
1107,1/1/2000,0:0:0,60.00,34.60,640,565,3747,-54,113,-96,4.89,-9.58,0
1108,1/1/2000,0:0:0,60.00,34.60,655,542,3771,28,58,-24,4.89,-9.58,0
1109,1/1/2000,0:0:0,60.00,34.60,625,554,3918,-17,-10,-132,4.90,-9.58,0
1110,1/1/2000,0:0:0,60.00,34.60,596,604,3722,109,102,-45,4.90,-9.58,0
1111,1/1/2000,0:0:0,60.00,34.60,586,572,3760,103,-7,66,4.90,-9.58,0
1112,1/1/2000,0:0:0,60.00,34.60,638,535,3858,10,-40,-13,4.90,-9.58,0
1113,1/1/2000,0:0:0,60.00,34.60,605,566,3798,69,-100,33,4.91,-9.58,0
1114,1/1/2000,0:0:0,60.00,34.60,641,561,3806,50,-46,-29,4.91,-9.58,0
1115,1/1/2000,0:0:0,60.00,34.60,629,541,3774,-61,-129,-60,4.91,-9.58,0
1116,1/1/2000,0:0:0,60.00,34.60,612,571,3801,-115,141,-131,4.91,-9.58,0
1117,1/1/2000,0:0:0,60.00,34.60,645,571,3744,18,82,-52,4.92,-9.58,0
1118,1/1/2000,0:0:0,60.00,34.60,596,587,3835,5,4,-34,4.92,-9.58,0
1119,1/1/2000,0:0:0,60.00,34.60,620,598,3820,28,76,27,4.92,-9.58,0
1120,1/1/2000,0:0:0,60.00,34.60,579,555,3828,76,-78,81,4.92,-9.58,0
1121,1/1/2000,0:0:0,60.00,34.60,598,543,3810,57,-10,58,4.93,-9.58,0
1122,1/1/2000,0:0:0,60.00,34.60,633,557,3750,49,40,11,4.93,-9.58,0
1123,1/1/2000,0:0:0,60.00,34.60,618,548,3766,8,117,-45,4.93,-9.58,0
1124,1/1/2000,0:0:0,60.00,34.60,615,583,3782,8,30,-39,4.93,-9.57,0
1125,1/1/2000,0:0:0,60.00,34.60,590,604,3787,44,131,-90,4.94,-9.57,0
1126,1/1/2000,0:0:0,60.00,34.60,555,579,3803,62,60,0,4.94,-9.57,0
1127,1/1/2000,0:0:0,60.00,34.60,605,597,3760,18,71,-11,4.94,-9.57,0
1128,1/1/2000,0:0:0,60.00,34.60,587,618,3735,31,73,-20,4.95,-9.56,0
1129,1/1/2000,0:0:0,60.00,34.60,542,613,3818,-22,62,40,4.95,-9.56,0
1130,1/1/2000,0:0:0,60.00,34.60,549,588,3742,-2,122,82,4.95,-9.56,0
1131,1/1/2000,0:0:0,59.00,35.00,556,537,3792,28,153,102,4.95,-9.55,0
1132,1/1/2000,0:0:0,59.00,35.00,523,559,3842,-155,57,50,4.96,-9.55,0
1133,1/1/2000,0:0:0,59.00,35.00,556,560,3880,-17,51,54,4.96,-9.55,0
1134,1/1/2000,0:0:0,59.00,35.00,549,655,3730,181,178,144,4.96,-9.54,0
1135,1/1/2000,0:0:0,59.00,35.00,562,574,3783,30,-86,110,4.96,-9.54,0
1136,1/1/2000,0:0:0,59.00,35.00,592,512,3850,36,-126,-87,4.96,-9.54,0
1137,1/1/2000,0:0:0,59.00,35.00,557,658,3634,168,314,-251,4.97,-9.53,0
1138,1/1/2000,0:0:0,59.00,35.00,378,641,3843,-24,124,-61,4.97,-9.53,0
1139,1/1/2000,0:0:0,59.00,35.00,485,594,3943,162,12,98,4.97,-9.52,0
1140,1/1/2000,0:0:0,59.00,35.00,617,619,3813,318,-221,38,4.98,-9.52,0
1141,1/1/2000,0:0:0,59.00,35.00,557,611,3712,-69,-401,-83,4.99,-9.52,0
1142,1/1/2000,0:0:0,59.00,35.00,576,620,3761,-168,-354,-97,4.99,-9.52,0
1143,1/1/2000,0:0:0,59.00,35.00,508,586,3868,-24,-210,-64,4.99,-9.52,0
1144,1/1/2000,0:0:0,59.00,35.00,630,620,3733,108,-80,30,5.00,-9.53,0
1145,1/1/2000,0:0:0,59.00,35.00,619,629,3689,-81,-53,-134,5.00,-9.53,0
1146,1/1/2000,0:0:0,59.00,35.00,539,582,3820,-71,-56,-102,5.00,-9.53,0
1147,1/1/2000,0:0:0,59.00,35.00,600,638,3797,-61,42,-77,5.01,-9.54,0
1148,1/1/2000,0:0:0,59.00,35.00,574,632,3841,-71,-89,-119,5.01,-9.54,0
1149,1/1/2000,0:0:0,59.00,35.00,611,647,3794,48,40,-141,5.01,-9.54,0
1150,1/1/2000,0:0:0,59.00,35.00,601,656,3738,108,-86,-82,5.01,-9.54,0
1151,1/1/2000,0:0:0,59.00,35.00,649,655,3702,59,27,-81,5.02,-9.54,0
1152,1/1/2000,0:0:0,59.00,35.00,640,597,3781,10,-146,-42,5.02,-9.55,0
1153,1/1/2000,0:0:0,59.00,35.00,552,629,3759,-15,58,-36,5.02,-9.55,0
1154,1/1/2000,0:0:0,59.00,35.00,655,640,3737,-81,-8,98,5.03,-9.55,0
1155,1/1/2000,0:0:0,59.00,35.00,633,580,3759,-71,-34,66,5.03,-9.55,0
1156,1/1/2000,0:0:0,59.00,35.00,717,559,3654,-272,145,-147,5.03,-9.55,0
1157,1/1/2000,0:0:0,59.00,35.00,583,595,3772,-419,-262,-129,5.03,-9.56,0
1158,1/1/2000,0:0:0,59.00,35.00,580,550,3898,-273,127,-97,5.02,-9.56,0
1159,1/1/2000,0:0:0,58.00,35.40,764,513,3811,56,-200,-113,5.02,-9.56,1
1160,1/1/2000,0:0:0,58.00,36.00,401,609,3779,99,-35,-121,5.02,-9.56,1
1161,1/1/2000,0:0:0,58.00,36.00,462,635,3715,-116,-212,53,5.02,-9.56,1
1162,1/1/2000,0:0:0,58.00,36.00,515,580,3809,79,-85,99,5.02,-9.57,0
1163,1/1/2000,0:0:0,58.00,36.00,547,601,3745,-46,-47,0,5.01,-9.57,0
1164,1/1/2000,0:0:0,58.00,36.00,563,570,3831,133,48,81,5.01,-9.57,0
1165,1/1/2000,0:0:0,58.00,36.00,514,581,3807,-2,33,39,5.01,-9.57,0
1166,1/1/2000,0:0:0,58.00,36.00,531,610,3773,7,-12,21,5.01,-9.58,0
1167,1/1/2000,0:0:0,58.00,36.00,455,583,3863,-152,-24,-24,5.01,-9.58,0
1168,1/1/2000,0:0:0,58.00,36.00,619,583,3767,-42,-6,-31,5.01,-9.58,0
1169,1/1/2000,0:0:0,58.00,36.00,472,587,3827,46,30,170,5.01,-9.58,0
1170,1/1/2000,0:0:0,57.00,35.80,529,605,3760,-217,-90,-112,5.01,-9.58,1
1171,1/1/2000,0:0:0,57.00,35.80,644,-11,3741,-825,-620,-1436,5.01,-9.59,1
1172,1/1/2000,0:0:0,57.00,36.40,147,34,3903,603,670,-7961,5.01,-9.58,1
1173,1/1/2000,0:0:0,57.00,36.40,-91,177,3004,275,-188,-1337,5.02,-9.58,1
1174,1/1/2000,0:0:0,54.00,37.10,411,449,3031,-428,-800,-2503,5.03,-9.58,1
1175,1/1/2000,0:0:0,54.00,37.10,532,425,2813,1320,624,-2888,5.05,-9.57,1
1176,1/1/2000,0:0:0,53.00,36.90,876,579,3027,-56,-14,-1887,5.07,-9.56,1
1177,1/1/2000,0:0:0,53.00,36.90,215,947,3255,-1228,64,-142,5.08,-9.56,1
1178,1/1/2000,0:0:0,51.00,36.90,97,332,4070,209,2453,1920,5.09,-9.54,1
1179,1/1/2000,0:0:0,51.00,36.90,531,873,3967,318,152,-1215,5.10,-9.52,1
1180,1/1/2000,0:0:0,51.00,36.90,258,807,3890,-37,138,-308,5.11,-9.50,0
1181,1/1/2000,0:0:0,51.00,36.90,242,791,3786,-190,-3,-226,5.12,-9.48,0
1182,1/1/2000,0:0:0,51.00,36.90,246,842,3869,-84,-66,-168,5.13,-9.47,0
1183,1/1/2000,0:0:0,51.00,36.90,244,847,3734,-33,-42,-65,5.13,-9.45,0
1184,1/1/2000,0:0:0,51.00,36.90,320,860,3751,-151,-29,0,5.14,-9.44,0
1185,1/1/2000,0:0:0,51.00,36.90,217,854,3771,-167,-63,-34,5.14,-9.43,0
1186,1/1/2000,0:0:0,49.00,37.00,333,758,3764,-200,-46,12,5.15,-9.42,1
1187,1/1/2000,0:0:0,49.00,37.00,474,968,3759,237,-77,1816,5.15,-9.41,1
1188,1/1/2000,0:0:0,46.00,37.20,901,1101,3709,617,-412,44,5.15,-9.41,1
1189,1/1/2000,0:0:0,46.00,37.20,968,1335,4148,-44,-343,-330,5.16,-9.41,1
1190,1/1/2000,0:0:0,43.00,38.00,1314,1100,4588,204,-264,445,5.17,-9.41,1
1191,1/1/2000,0:0:0,43.00,38.00,1388,1154,4148,910,-752,1103,5.18,-9.41,1
1192,1/1/2000,0:0:0,40.00,37.10,1930,825,4079,1379,706,3408,5.19,-9.42,1
1193,1/1/2000,0:0:0,40.00,37.10,830,688,3303,223,465,1206,5.21,-9.42,1
1194,1/1/2000,0:0:0,40.00,37.10,428,710,4063,420,297,-1237,5.22,-9.42,0
1195,1/1/2000,0:0:0,40.00,37.10,419,636,3143,259,-610,-396,5.24,-9.42,0
1196,1/1/2000,0:0:0,40.00,37.10,690,608,3461,-546,-120,-535,5.25,-9.42,0
1197,1/1/2000,0:0:0,40.00,37.10,816,680,3462,-336,253,-743,5.27,-9.42,0
1198,1/1/2000,0:0:0,40.00,37.10,917,891,3651,-382,91,-683,5.27,-9.42,0
1199,1/1/2000,0:0:0,40.00,37.10,660,1042,4137,-4,-378,-324,5.28,-9.42,0
1200,1/1/2000,0:0:0,40.00,37.10,779,1130,3741,283,-262,-4,5.29,-9.43,0
1201,1/1/2000,0:0:0,40.00,38.20,160,605,4095,-435,-838,307,5.30,-9.44,1
1202,1/1/2000,0:0:0,40.00,38.20,206,747,3702,-390,281,-1251,5.30,-9.44,1
1203,1/1/2000,0:0:0,38.00,36.70,528,550,3680,-325,751,288,5.30,-9.44,1
1204,1/1/2000,0:0:0,38.00,36.70,34,755,3736,54,82,237,5.30,-9.44,1
1205,1/1/2000,0:0:0,38.00,36.50,171,718,3746,334,-34,138,5.31,-9.44,1
1206,1/1/2000,0:0:0,38.00,36.50,103,711,3809,48,193,-22,5.31,-9.43,1
1207,1/1/2000,0:0:0,38.00,36.50,76,723,3809,19,64,-71,5.31,-9.43,0
1208,1/1/2000,0:0:0,38.00,36.50,169,723,3789,17,-87,-52,5.32,-9.43,0
1209,1/1/2000,0:0:0,38.00,36.50,184,744,3820,-86,-6,-124,5.32,-9.43,0
1210,1/1/2000,0:0:0,38.00,36.50,129,741,3795,60,-33,-89,5.33,-9.42,0
1211,1/1/2000,0:0:0,38.00,36.50,124,784,3783,-49,-70,-62,5.33,-9.42,0
1212,1/1/2000,0:0:0,38.00,36.50,230,727,3741,-65,-121,-104,5.33,-9.42,0
1213,1/1/2000,0:0:0,38.00,36.50,45,753,3854,-60,58,-33,5.33,-9.42,0
1214,1/1/2000,0:0:0,38.00,36.50,191,746,3740,24,11,-5,5.34,-9.42,0
1215,1/1/2000,0:0:0,38.00,36.50,114,718,3841,-5,-91,-32,5.34,-9.42,0
1216,1/1/2000,0:0:0,38.00,36.50,193,744,3731,-17,68,-43,5.34,-9.41,0
1217,1/1/2000,0:0:0,38.00,36.50,130,758,3773,52,105,4,5.34,-9.41,0
1218,1/1/2000,0:0:0,38.00,36.50,68,716,3863,-78,35,-3,5.35,-9.41,0
1219,1/1/2000,0:0:0,38.00,36.50,137,757,3775,-3,-37,-9,5.35,-9.40,0
1220,1/1/2000,0:0:0,39.00,36.10,115,739,3775,-14,-46,-29,5.35,-9.40,0
1221,1/1/2000,0:0:0,39.00,36.10,237,687,3747,-89,-29,-122,5.35,-9.40,1
1222,1/1/2000,0:0:0,38.00,37.10,-8,788,3750,125,115,94,5.36,-9.40,1
1223,1/1/2000,0:0:0,38.00,37.10,-5,866,3865,-2,-90,-395,5.36,-9.39,1
1224,1/1/2000,0:0:0,39.00,37.00,107,800,3762,-81,2,-79,5.36,-9.39,1
1225,1/1/2000,0:0:0,39.00,37.00,56,744,3734,-9,80,8,5.36,-9.39,1
1226,1/1/2000,0:0:0,38.00,36.60,95,767,3793,-14,25,5,5.37,-9.38,1
1227,1/1/2000,0:0:0,38.00,36.60,83,763,3766,-35,16,-20,5.37,-9.38,1
1228,1/1/2000,0:0:0,39.00,36.40,43,749,3800,-18,-34,37,5.37,-9.37,1
1229,1/1/2000,0:0:0,39.00,36.40,-2,758,3803,-69,419,127,5.37,-9.37,1
1230,1/1/2000,0:0:0,39.00,36.00,22,708,3821,23,24,-58,5.37,-9.36,1
1231,1/1/2000,0:0:0,39.00,36.00,-50,702,3829,128,-233,-75,5.38,-9.36,1
1232,1/1/2000,0:0:0,38.00,35.70,-72,740,3834,163,-92,-19,5.38,-9.35,1
1233,1/1/2000,0:0:0,38.00,35.70,67,745,3748,-8,-222,-144,5.38,-9.35,1
1234,1/1/2000,0:0:0,38.00,35.70,70,768,3809,-23,38,19,5.39,-9.35,0
1235,1/1/2000,0:0:0,38.00,35.70,93,826,3774,34,-44,-54,5.39,-9.35,0
1236,1/1/2000,0:0:0,38.00,35.70,92,816,3782,-16,-8,23,5.39,-9.34,0
1237,1/1/2000,0:0:0,38.00,35.70,50,786,3743,-2,-46,47,5.40,-9.34,0
1238,1/1/2000,0:0:0,38.00,35.70,89,793,3795,-27,108,-54,5.40,-9.34,0
1239,1/1/2000,0:0:0,38.00,35.70,108,747,3819,25,-22,-52,5.40,-9.34,0
1240,1/1/2000,0:0:0,38.00,35.70,19,813,3784,-31,37,-51,5.41,-9.33,0
1241,1/1/2000,0:0:0,38.00,35.70,109,814,3723,97,-30,0,5.41,-9.33,0
1242,1/1/2000,0:0:0,38.00,35.70,85,782,3840,-17,-19,-9,5.41,-9.33,0
1243,1/1/2000,0:0:0,38.00,35.70,90,789,3750,19,-6,0,5.42,-9.32,0
1244,1/1/2000,0:0:0,38.00,35.50,100,706,3834,1,-15,-42,5.42,-9.32,1
1245,1/1/2000,0:0:0,38.00,35.50,119,935,3712,259,31,1106,5.42,-9.32,1
1246,1/1/2000,0:0:0,39.00,35.90,191,975,3705,-316,740,-184,5.42,-9.31,1
1247,1/1/2000,0:0:0,39.00,35.90,-74,943,3697,52,310,1806,5.43,-9.30,1
1248,1/1/2000,0:0:0,40.00,36.00,127,823,3792,-124,-330,291,5.43,-9.30,1
1249,1/1/2000,0:0:0,40.00,36.00,276,806,3677,291,-62,-431,5.43,-9.29,1
1250,1/1/2000,0:0:0,39.00,36.20,259,836,3455,-58,388,-623,5.43,-9.29,1
1251,1/1/2000,0:0:0,39.00,36.20,36,952,3749,-108,-180,-359,5.43,-9.28,1
1252,1/1/2000,0:0:0,39.00,36.50,130,847,3755,54,-46,4,5.44,-9.27,1
1253,1/1/2000,0:0:0,39.00,36.50,202,958,3743,9,-124,-261,5.44,-9.27,1
1254,1/1/2000,0:0:0,40.00,36.00,252,898,3725,14,18,-66,5.44,-9.27,1
1255,1/1/2000,0:0:0,40.00,36.00,153,878,3770,-23,49,-32,5.45,-9.26,0
1256,1/1/2000,0:0:0,40.00,36.00,162,890,3707,-16,5,3,5.45,-9.26,0
1257,1/1/2000,0:0:0,40.00,36.00,155,917,3727,4,106,-23,5.45,-9.25,0
1258,1/1/2000,0:0:0,40.00,36.00,153,883,3746,-22,3,-43,5.46,-9.25,0
1259,1/1/2000,0:0:0,40.00,36.00,202,888,3720,-38,35,-41,5.46,-9.24,0
1260,1/1/2000,0:0:0,40.00,36.00,109,886,3789,-33,-15,0,5.46,-9.24,0
1261,1/1/2000,0:0:0,40.00,36.00,169,918,3753,-43,21,35,5.46,-9.23,0
1262,1/1/2000,0:0:0,40.00,36.00,149,866,3825,2,-60,-24,5.47,-9.23,0
1263,1/1/2000,0:0:0,40.00,36.00,180,899,3760,-24,-11,-11,5.47,-9.23,0
1264,1/1/2000,0:0:0,40.00,36.00,206,882,3696,6,33,-37,5.47,-9.22,0
1265,1/1/2000,0:0:0,40.00,36.00,228,818,3789,-117,-14,-170,5.47,-9.22,1
1266,1/1/2000,0:0:0,39.00,35.50,181,962,3662,279,202,321,5.48,-9.21,1
1267,1/1/2000,0:0:0,39.00,35.50,-109,997,3559,418,1230,-375,5.48,-9.20,1
1268,1/1/2000,0:0:0,40.00,34.50,4,794,3821,24,123,-11,5.49,-9.19,1
1269,1/1/2000,0:0:0,40.00,34.50,-49,833,3658,-48,388,131,5.50,-9.18,1
1270,1/1/2000,0:0:0,42.00,34.40,-1,806,3738,61,170,-13,5.50,-9.16,1
1271,1/1/2000,0:0:0,42.00,34.40,-137,766,3845,-30,-319,258,5.51,-9.15,1
1272,1/1/2000,0:0:0,43.00,34.20,-111,827,3897,-260,155,-188,5.51,-9.14,1
1273,1/1/2000,0:0:0,43.00,34.20,298,729,3704,162,268,-272,5.51,-9.13,1
1274,1/1/2000,0:0:0,43.00,34.30,0,467,3736,-327,54,92,5.52,-9.12,1
1275,1/1/2000,0:0:0,43.00,34.30,-50,667,3770,56,60,-304,5.52,-9.11,1
1276,1/1/2000,0:0:0,44.00,33.90,-24,643,3761,8,-54,-33,5.52,-9.10,1
1277,1/1/2000,0:0:0,44.00,33.90,66,676,3641,-74,12,135,5.52,-9.09,1
1278,1/1/2000,0:0:0,45.00,33.50,-101,626,3884,36,-463,-240,5.52,-9.08,1
1279,1/1/2000,0:0:0,45.00,33.50,-19,697,3771,22,-90,-61,5.53,-9.08,0
1280,1/1/2000,0:0:0,45.00,33.50,-31,705,3799,-31,-184,-52,5.53,-9.07,0
1281,1/1/2000,0:0:0,45.00,33.50,84,683,3729,12,-16,-104,5.53,-9.07,0
1282,1/1/2000,0:0:0,45.00,33.50,-17,767,3746,-26,-47,-6,5.53,-9.06,0
1283,1/1/2000,0:0:0,45.00,33.50,53,649,3804,-42,-20,-12,5.54,-9.06,0
1284,1/1/2000,0:0:0,45.00,33.50,75,679,3728,-154,23,-174,5.54,-9.06,0
1285,1/1/2000,0:0:0,45.00,33.50,28,704,3865,122,-2,44,5.54,-9.05,0
1286,1/1/2000,0:0:0,45.00,33.50,-94,659,3813,-16,-109,-64,5.54,-9.05,0
1287,1/1/2000,0:0:0,45.00,33.50,59,643,3736,-84,93,-124,5.54,-9.05,0
1288,1/1/2000,0:0:0,45.00,33.50,-29,677,3839,100,-46,-48,5.54,-9.04,0
1289,1/1/2000,0:0:0,45.00,33.50,-21,679,3788,-87,130,33,5.55,-9.04,0
1290,1/1/2000,0:0:0,45.00,33.50,7,686,3724,26,175,6,5.55,-9.03,0
1291,1/1/2000,0:0:0,45.00,33.50,41,636,3837,-36,52,-17,5.55,-9.03,0
1292,1/1/2000,0:0:0,45.00,33.50,27,589,3733,80,143,17,5.55,-9.02,0
1293,1/1/2000,0:0:0,45.00,33.50,129,618,3834,-26,376,-118,5.55,-9.01,0
1294,1/1/2000,0:0:0,45.00,33.50,-49,680,3845,148,97,-165,5.56,-9.00,0
1295,1/1/2000,0:0:0,45.00,33.50,118,560,3881,-10,-160,-342,5.56,-9.00,0
1296,1/1/2000,0:0:0,45.00,33.50,-59,627,3818,148,46,-284,5.56,-8.99,0
1297,1/1/2000,0:0:0,45.00,33.50,-95,728,3873,126,-181,-128,5.57,-8.98,0
1298,1/1/2000,0:0:0,45.00,33.50,-173,770,3821,353,-12,443,5.57,-8.98,0
1299,1/1/2000,0:0:0,45.00,33.50,13,719,3751,403,65,937,5.58,-8.97,0
1300,1/1/2000,0:0:0,45.00,33.50,-32,652,3882,283,-189,877,5.59,-8.97,0
1301,1/1/2000,0:0:0,45.00,33.50,-60,813,3703,318,101,997,5.60,-8.97,0
1302,1/1/2000,0:0:0,45.00,33.50,11,710,3673,259,158,1076,5.61,-8.96,0
1303,1/1/2000,0:0:0,45.00,33.50,-61,721,3814,69,83,961,5.61,-8.96,0
1304,1/1/2000,0:0:0,45.00,33.50,-91,794,3802,38,330,754,5.62,-8.95,0
1305,1/1/2000,0:0:0,45.00,33.50,-54,885,3692,84,353,750,5.62,-8.95,0
1306,1/1/2000,0:0:0,46.00,33.90,-113,890,3867,-23,97,640,5.63,-8.94,0
1307,1/1/2000,0:0:0,46.00,33.90,-81,915,3744,-9,126,600,5.63,-8.93,0
1308,1/1/2000,0:0:0,46.00,33.90,-74,926,3754,16,-45,520,5.64,-8.93,0
1309,1/1/2000,0:0:0,46.00,33.90,-80,1010,3780,10,128,338,5.64,-8.92,0
1310,1/1/2000,0:0:0,46.00,33.90,-19,973,3745,75,-59,294,5.64,-8.92,0
1311,1/1/2000,0:0:0,46.00,33.90,10,988,3659,37,20,40,5.65,-8.91,0
1312,1/1/2000,0:0:0,46.00,33.90,-41,940,3758,-1,199,-239,5.65,-8.90,0
1313,1/1/2000,0:0:0,46.00,33.90,-79,1011,3783,36,215,-311,5.65,-8.90,0
1314,1/1/2000,0:0:0,46.00,33.90,-154,991,3824,-22,16,-130,5.66,-8.89,0
1315,1/1/2000,0:0:0,46.00,33.90,77,873,3540,97,355,-321,5.66,-8.88,0
1316,1/1/2000,0:0:0,46.00,33.90,-98,992,3382,-325,1222,-648,5.67,-8.86,0
1317,1/1/2000,0:0:0,46.00,33.90,-324,972,3611,-472,1187,-777,5.67,-8.84,0
1318,1/1/2000,0:0:0,46.00,33.90,-557,850,3786,-615,1008,-728,5.67,-8.81,0
1319,1/1/2000,0:0:0,46.00,33.90,-571,951,3505,-776,1897,-543,5.66,-8.77,0
1320,1/1/2000,0:0:0,46.00,33.90,-628,593,3337,-1239,807,62,5.65,-8.73,0
1321,1/1/2000,0:0:0,46.00,33.90,-307,175,3922,-470,3140,-1807,5.64,-8.67,0
1322,1/1/2000,0:0:0,46.00,33.90,-1012,449,2986,-1758,-27,-3081,5.62,-8.62,0
1323,1/1/2000,0:0:0,46.00,33.90,-892,88,3394,-2811,-271,-2850,5.59,-8.57,0
1324,1/1/2000,0:0:0,46.00,33.90,-369,54,3337,-2201,1408,-2883,5.55,-8.52,0
1325,1/1/2000,0:0:0,46.00,33.90,-713,-90,3496,-460,988,-3439,5.51,-8.46,0
1326,1/1/2000,0:0:0,46.00,33.90,-1272,-375,3780,-1530,-135,-2249,5.47,-8.40,0
1327,1/1/2000,0:0:0,46.00,33.90,-1101,-516,3780,-297,1533,-1627,5.43,-8.34,0
1328,1/1/2000,0:0:0,46.00,33.90,-1407,-891,4492,563,-159,-2409,5.40,-8.29,0
1329,1/1/2000,0:0:0,46.00,33.90,-894,-502,3620,1074,713,-1912,5.39,-8.23,0
1330,1/1/2000,0:0:0,46.00,33.90,-902,-607,4009,831,-1275,-1479,5.37,-8.19,0
1331,1/1/2000,0:0:0,46.00,33.90,-865,-829,4427,-49,-3570,-1096,5.36,-8.17,0
1332,1/1/2000,0:0:0,46.00,33.90,-471,-518,4275,-675,-3530,-22,5.35,-8.17,0
1333,1/1/2000,0:0:0,46.00,33.90,-262,-525,3361,-747,-1542,724,5.33,-8.19,0
1334,1/1/2000,0:0:0,46.00,33.90,-548,-1020,3686,-1808,1535,810,5.31,-8.19,0
1335,1/1/2000,0:0:0,46.00,33.90,-783,-829,3785,-1408,-1348,-103,5.27,-8.20,0
1336,1/1/2000,0:0:0,46.00,33.90,-48,-845,4620,-83,1034,1319,5.24,-8.20,0
1337,1/1/2000,0:0:0,46.00,33.90,-232,-788,3765,-122,-584,644,5.20,-8.20,0
1338,1/1/2000,0:0:0,46.00,33.90,-338,-995,3408,-77,228,562,5.17,-8.21,0
1339,1/1/2000,0:0:0,46.00,33.90,-355,-1116,3608,-252,361,-115,5.14,-8.21,0
1340,1/1/2000,0:0:0,46.00,33.90,-459,-967,3884,-51,-153,-134,5.12,-8.21,0
1341,1/1/2000,0:0:0,46.00,33.90,-574,-918,3906,-322,134,-28,5.09,-8.21,0
1342,1/1/2000,0:0:0,46.00,33.90,-348,-972,3626,-398,-247,-13,5.06,-8.21,0
1343,1/1/2000,0:0:0,46.00,33.90,-474,-992,3595,-92,-98,-69,5.03,-8.21,0
1344,1/1/2000,0:0:0,46.00,33.90,-537,-911,3633,79,113,102,5.01,-8.20,0
1345,1/1/2000,0:0:0,46.00,33.90,-351,-1003,3696,71,173,53,4.99,-8.20,0
1346,1/1/2000,0:0:0,46.00,33.90,-387,-974,3614,-6,312,78,4.97,-8.20,0
1347,1/1/2000,0:0:0,46.00,33.90,-383,-973,3616,-63,325,-98,4.95,-8.19,0
1348,1/1/2000,0:0:0,46.00,33.90,-540,-1024,3723,-110,171,48,4.93,-8.18,0
1349,1/1/2000,0:0:0,46.00,33.90,-441,-1038,3674,-187,-176,-71,4.91,-8.17,0
1350,1/1/2000,0:0:0,46.00,33.90,-535,-1002,3753,63,-221,-13,4.89,-8.17,0
1351,1/1/2000,0:0:0,46.00,33.90,-531,-959,3546,-175,253,228,4.87,-8.16,0
1352,1/1/2000,0:0:0,46.00,33.90,-396,-981,3518,90,304,88,4.85,-8.15,0
1353,1/1/2000,0:0:0,46.00,33.90,-466,-1082,3840,88,-26,111,4.84,-8.15,0
1354,1/1/2000,0:0:0,46.00,33.90,-529,-1084,3594,19,51,55,4.82,-8.14,0
1355,1/1/2000,0:0:0,46.00,33.90,-565,-1054,3659,-22,149,-15,4.81,-8.13,0
1356,1/1/2000,0:0:0,46.00,33.90,-529,-1000,3587,37,140,-12,4.80,-8.12,0
1357,1/1/2000,0:0:0,46.00,33.90,-533,-1002,3698,-79,23,13,4.78,-8.11,0